20
n01613177_110.JPEG 0.059052 0.031769 0.003787 0.004886 0.003008 0.001737 0.299928 0.595834
n01613177_69.JPEG 0.120950 0.175795 0.231460 0.120269 0.007291 0.068946 0.157522 0.117767
n01923025_2332.JPEG 0.135587 0.067998 0.000223 0.003588 0.007286 0.006766 0.262428 0.516125
n01923025_5034.JPEG 0.131221 0.065818 0.000418 0.048873 0.097323 0.200043 0.303484 0.152820
n02278980_1260.JPEG 0.315607 0.167091 0.006229 0.024821 0.049746 0.079356 0.173398 0.183753
n02278980_3608.JPEG 0.321047 0.192922 0.076091 0.063105 0.020985 0.009189 0.111900 0.204761
n03767203_202.JPEG 0.375304 0.201884 0.014524 0.011205 0.016199 0.024341 0.133381 0.223162
n03767203_4689.JPEG 0.320355 0.165621 0.010801 0.009138 0.007224 0.021673 0.173214 0.291975
n03877845_2028.JPEG 0.213268 0.147145 0.038518 0.065115 0.098386 0.067715 0.146196 0.223656
n03877845_4263.JPEG 0.367800 0.259613 0.081356 0.079855 0.067801 0.032301 0.050423 0.060851
n04515003_15899.JPEG 0.417461 0.245166 0.047474 0.064117 0.059561 0.023745 0.052669 0.089807
n04515003_4279.JPEG 0.128944 0.064682 0.000343 0.160645 0.321072 0.185199 0.070955 0.068160
n04583620_2611.JPEG 0.207716 0.107383 0.003984 0.026187 0.050727 0.042934 0.203428 0.357640
n04583620_5027.JPEG 0.037176 0.045615 0.127338 0.218641 0.109322 0.000002 0.153969 0.307937
n07897438_2936.JPEG 0.397211 0.198738 0.000162 0.000927 0.001702 0.003109 0.134988 0.263164
n07897438_611.JPEG 0.192469 0.103942 0.019386 0.030022 0.019048 0.019757 0.221895 0.393481
n10247358_53457.JPEG 0.203797 0.131217 0.024114 0.009137 0.004687 0.000237 0.209017 0.417797
n10247358_7062.JPEG 0.212895 0.119187 0.017569 0.050982 0.093183 0.065646 0.161343 0.279195
n11669921_3375.JPEG 0.412865 0.215351 0.021768 0.051338 0.075068 0.054063 0.072233 0.097314
n11669921_8695.JPEG 0.270383 0.156304 0.123850 0.205299 0.120866 0.041941 0.041337 0.040019
