20
n01613177_110.JPEG 0.086864 0.004400 0.000167 0.006691 0.001189 0.000005 0.004041 0.896644
n01613177_69.JPEG 0.222554 0.000179 0.424280 0.003378 0.011731 0.000000 0.242091 0.095787
n01923025_2332.JPEG 0.204592 0.000308 0.000161 0.000051 0.010575 0.000803 0.008255 0.775255
n01923025_5034.JPEG 0.246117 0.000000 0.000779 0.000011 0.182532 0.000000 0.567864 0.002697
n02278980_1260.JPEG 0.507487 0.020250 0.000088 0.000006 0.081315 0.000535 0.177909 0.212410
n02278980_3608.JPEG 0.506466 0.007318 0.091982 0.050524 0.007511 0.001143 0.019406 0.315650
n03767203_202.JPEG 0.570839 0.022845 0.009893 0.002434 0.020006 0.007820 0.039882 0.326282
n03767203_4689.JPEG 0.493760 0.000451 0.016112 0.000634 0.010800 0.000046 0.055947 0.422251
n03877845_2028.JPEG 0.312944 0.088515 0.002930 0.034653 0.145888 0.003144 0.074655 0.337272
n03877845_4263.JPEG 0.536756 0.170491 0.000346 0.103986 0.061775 0.001787 0.043901 0.080959
n04515003_15899.JPEG 0.634999 0.077655 0.001138 0.073325 0.059197 0.000559 0.016341 0.136787
n04515003_4279.JPEG 0.237328 0.000161 0.000533 0.000036 0.590937 0.000373 0.090275 0.080356
n04583620_2611.JPEG 0.323126 0.005844 0.002299 0.002065 0.075782 0.005627 0.047751 0.537505
n04583620_5027.JPEG 0.032937 0.061941 0.000000 0.375807 0.000005 0.000000 0.000003 0.529306
n07897438_2936.JPEG 0.597651 0.000196 0.000104 0.000084 0.002518 0.000003 0.006832 0.392611
n07897438_611.JPEG 0.293082 0.014217 0.002716 0.040824 0.009284 0.000026 0.052294 0.587558
n10247358_53457.JPEG 0.283241 0.060092 0.000000 0.014045 0.000000 0.000364 0.000000 0.642258
n10247358_7062.JPEG 0.336810 0.013910 0.020276 0.002276 0.139813 0.019027 0.034132 0.433755
n11669921_3375.JPEG 0.660335 0.002331 0.025082 0.017261 0.104906 0.013476 0.041382 0.135227
n11669921_8695.JPEG 0.458039 0.023858 0.037608 0.331467 0.013139 0.062424 0.007812 0.065653
