5613
n01613177_1000.JPEG 0.122690 0.061637 0.000410 0.003173 0.005812 0.014775 0.275769 0.515735
n01613177_1005.JPEG 0.427229 0.213827 0.000425 0.024008 0.047591 0.059907 0.111783 0.115230
n01613177_101.JPEG 0.503356 0.258084 0.012677 0.009688 0.006893 0.014154 0.075637 0.119511
n01613177_1013.JPEG 0.062573 0.031389 0.000134 0.150847 0.301663 0.201092 0.134281 0.118020
n01613177_1028.JPEG 0.192867 0.096697 0.000328 0.016577 0.032985 0.038765 0.229438 0.392342
n01613177_1031.JPEG 0.415105 0.214988 0.018430 0.028142 0.023211 0.016754 0.103804 0.179566
n01613177_104.JPEG 0.224579 0.114816 0.005054 0.017445 0.029835 0.115031 0.264527 0.228713
n01613177_1059.JPEG 0.201387 0.103033 0.001890 0.029334 0.059448 0.040648 0.197700 0.366559
n01613177_1066.JPEG 0.166267 0.085538 0.172201 0.348271 0.184787 0.010491 0.014179 0.018266
n01613177_107.JPEG 0.153621 0.077599 0.001034 0.009925 0.018375 0.016408 0.248464 0.474574
n01613177_1077.JPEG 0.399136 0.200874 0.003326 0.044402 0.081895 0.065313 0.093777 0.111277
n01613177_1080.JPEG 0.399457 0.205671 0.008178 0.020489 0.028386 0.031724 0.121624 0.184471
n01613177_109.JPEG 0.158366 0.079697 0.001090 0.007198 0.013162 0.153385 0.342543 0.244560
n01613177_1093.JPEG 0.303661 0.158182 0.010329 0.012896 0.007507 0.001293 0.169298 0.336835
n01613177_110.JPEG 0.059052 0.031769 0.003787 0.004886 0.003008 0.001737 0.299928 0.595834
n01613177_1100.JPEG 0.287689 0.153463 0.019237 0.020642 0.022046 0.117242 0.232780 0.146902
n01613177_1114.JPEG 0.219528 0.109765 0.000001 0.000001 0.000001 0.000007 0.223572 0.447124
n01613177_1118.JPEG 0.180983 0.091122 0.001134 0.009452 0.017266 0.024260 0.241077 0.434706
n01613177_1130.JPEG 0.066228 0.040145 0.014052 0.012473 0.010648 0.134177 0.369695 0.352582
n01613177_1131.JPEG 0.236433 0.133351 0.014772 0.015656 0.019504 0.109126 0.257528 0.213631
n01613177_1156.JPEG 0.118955 0.061659 0.002623 0.114872 0.228472 0.123249 0.124460 0.225711
n01613177_1158.JPEG 0.135859 0.089176 0.042494 0.073813 0.105180 0.167124 0.243279 0.143075
n01613177_1166.JPEG 0.248991 0.124556 0.000120 0.126170 0.252220 0.144360 0.052778 0.050804
n01613177_1167.JPEG 0.140724 0.113898 0.087220 0.048998 0.010385 0.115879 0.271644 0.211251
n01613177_118.JPEG 0.077194 0.041019 0.066234 0.132564 0.071427 0.005254 0.203900 0.402407
n01613177_1184.JPEG 0.054865 0.027499 0.000131 0.007228 0.014325 0.017415 0.303098 0.575440
n01613177_1185.JPEG 0.114520 0.059655 0.004730 0.007905 0.011165 0.016900 0.272980 0.512146
n01613177_1189.JPEG 0.346983 0.193547 0.019762 0.024923 0.034445 0.038228 0.136476 0.205636
n01613177_119.JPEG 0.087171 0.043620 0.000071 0.075553 0.150991 0.216336 0.282941 0.143316
n01613177_1192.JPEG 0.321227 0.398121 0.168011 0.024591 0.022281 0.012244 0.022074 0.031453
n01613177_12.JPEG 0.217803 0.108992 0.000114 0.000120 0.000162 0.000180 0.224277 0.448351
n01613177_1208.JPEG 0.597284 0.298849 0.000441 0.004850 0.009149 0.010995 0.032583 0.045850
n01613177_1209.JPEG 0.145119 0.074666 0.004213 0.054886 0.105560 0.157624 0.257487 0.200446
n01613177_121.JPEG 0.344876 0.214526 0.083987 0.052201 0.020624 0.030769 0.104604 0.148414
n01613177_1214.JPEG 0.447081 0.231225 0.018791 0.028726 0.029106 0.028970 0.088914 0.127187
n01613177_122.JPEG 0.126115 0.163362 0.200832 0.112642 0.024049 0.045281 0.142571 0.185148
n01613177_1234.JPEG 0.272088 0.147638 0.023187 0.017148 0.011162 0.056021 0.207980 0.264775
n01613177_1236.JPEG 0.462969 0.271587 0.080408 0.064546 0.025826 0.009564 0.031732 0.053369
n01613177_1239.JPEG 0.015298 0.008232 0.240824 0.481226 0.241161 0.000650 0.004481 0.008128
n01613177_1241.JPEG 0.421917 0.211026 0.000145 0.021445 0.042722 0.090980 0.140213 0.071552
n01613177_1250.JPEG 0.077608 0.047063 0.213487 0.414852 0.209360 0.007102 0.015362 0.015166
n01613177_1260.JPEG 0.294554 0.147410 0.000342 0.014354 0.028012 0.041434 0.185496 0.288398
n01613177_1270.JPEG 0.197579 0.104717 0.021952 0.043657 0.034426 0.032917 0.212349 0.352404
n01613177_1279.JPEG 0.119172 0.059840 0.000510 0.039059 0.077606 0.191049 0.323168 0.189595
n01613177_128.JPEG 0.080569 0.044610 0.203256 0.402841 0.207403 0.013227 0.024774 0.023320
n01613177_1281.JPEG 0.334546 0.191190 0.047794 0.030832 0.013913 0.053819 0.156114 0.171793
n01613177_1283.JPEG 0.320604 0.166932 0.009953 0.013448 0.010650 0.004413 0.159616 0.314383
n01613177_1284.JPEG 0.423947 0.269440 0.114934 0.060927 0.006891 0.013093 0.046551 0.064217
n01613177_1293.JPEG 0.347289 0.227380 0.108141 0.056648 0.003816 0.046336 0.114893 0.095498
n01613177_1295.JPEG 0.140804 0.071520 0.001304 0.007857 0.014428 0.012198 0.255631 0.496258
n01613177_1298.JPEG 0.106741 0.053953 0.000816 0.002419 0.003936 0.003352 0.277693 0.551090
n01613177_1299.JPEG 0.086104 0.131220 0.235565 0.355556 0.180753 0.003696 0.004082 0.003025
n01613177_1304.JPEG 0.222439 0.121278 0.094072 0.177798 0.093540 0.008310 0.099378 0.183184
n01613177_1312.JPEG 0.205316 0.103859 0.002163 0.010217 0.018166 0.036711 0.235523 0.388045
n01613177_1313.JPEG 0.131980 0.066805 0.000702 0.002304 0.004254 0.004062 0.265243 0.524650
n01613177_1316.JPEG 0.143710 0.071919 0.000099 0.003818 0.007590 0.007529 0.258813 0.506523
n01613177_1321.JPEG 0.290043 0.226189 0.129264 0.158190 0.091408 0.015766 0.036963 0.052177
n01613177_1325.JPEG 0.410402 0.206628 0.001279 0.005933 0.012317 0.013940 0.123401 0.226099
n01613177_133.JPEG 0.048975 0.025247 0.001878 0.004052 0.003989 0.002259 0.305483 0.608117
n01613177_1333.JPEG 0.231827 0.115913 0.000000 0.073169 0.146337 0.123460 0.153389 0.155904
n01613177_1344.JPEG 0.241085 0.128831 0.016675 0.020639 0.024442 0.043323 0.206120 0.318884
n01613177_1346.JPEG 0.485516 0.273258 0.061001 0.035863 0.010868 0.017990 0.050939 0.064564
n01613177_1355.JPEG 0.327151 0.165303 0.004094 0.012504 0.017706 0.022822 0.165067 0.285354
n01613177_1389.JPEG 0.195714 0.101097 0.006732 0.009419 0.010938 0.015151 0.230325 0.430624
n01613177_1397.JPEG 0.312978 0.184812 0.058956 0.039324 0.011782 0.062584 0.168772 0.160792
n01613177_14.JPEG 0.117039 0.060426 0.004051 0.008403 0.011922 0.046490 0.291323 0.460347
n01613177_1401.JPEG 0.394761 0.197803 0.000526 0.042331 0.085835 0.081967 0.103357 0.093421
n01613177_1429.JPEG 0.066822 0.048643 0.030464 0.016714 0.002981 0.181672 0.397734 0.254969
n01613177_1431.JPEG 0.183990 0.162905 0.142873 0.077695 0.010289 0.074846 0.186069 0.161333
n01613177_1439.JPEG 0.181435 0.101286 0.009303 0.011363 0.016622 0.014677 0.228997 0.436318
n01613177_147.JPEG 0.064855 0.035625 0.210837 0.417904 0.212302 0.010148 0.023554 0.024776
n01613177_1488.JPEG 0.020001 0.016789 0.013594 0.019718 0.025811 0.222406 0.436734 0.244946
n01613177_1492.JPEG 0.235167 0.118003 0.000421 0.009700 0.019504 0.020940 0.209681 0.386585
n01613177_1498.JPEG 0.354444 0.177530 0.000827 0.006263 0.011277 0.111332 0.218575 0.119753
n01613177_1499.JPEG 0.286572 0.152029 0.014178 0.020655 0.027290 0.064404 0.196100 0.238773
n01613177_1504.JPEG 0.547966 0.276941 0.005829 0.013156 0.020257 0.018218 0.047376 0.070257
n01613177_1515.JPEG 0.263024 0.132504 0.000699 0.039399 0.083111 0.060840 0.155768 0.264654
n01613177_152.JPEG 0.134976 0.198186 0.263404 0.136176 0.004839 0.049392 0.119007 0.094019
n01613177_1533.JPEG 0.208580 0.108715 0.010606 0.022707 0.022523 0.023998 0.217496 0.385374
n01613177_1534.JPEG 0.048859 0.211985 0.375528 0.189203 0.002010 0.032573 0.078309 0.061533
n01613177_1535.JPEG 0.301194 0.167175 0.033100 0.018850 0.004720 0.061741 0.197038 0.216181
n01613177_1540.JPEG 0.117693 0.058945 0.000112 0.007058 0.015102 0.014719 0.268392 0.517979
n01613177_1544.JPEG 0.056461 0.035828 0.220367 0.431621 0.218965 0.008104 0.015275 0.013380
n01613177_1551.JPEG 0.131516 0.065980 0.000287 0.044075 0.087946 0.127062 0.264111 0.279023
n01613177_1557.JPEG 0.497966 0.257442 0.006787 0.018676 0.034009 0.020775 0.059042 0.105303
n01613177_1570.JPEG 0.126261 0.065964 0.005600 0.008733 0.011886 0.019137 0.267070 0.495350
n01613177_1571.JPEG 0.267971 0.134404 0.000537 0.008445 0.016443 0.022023 0.197199 0.352978
n01613177_1584.JPEG 0.505579 0.253321 0.000562 0.023630 0.046770 0.038061 0.058742 0.073335
n01613177_1593.JPEG 0.375619 0.189998 0.004382 0.013357 0.022156 0.029924 0.140409 0.224154
n01613177_1595.JPEG 0.385175 0.192976 0.000740 0.017837 0.035104 0.037193 0.129819 0.201156
n01613177_1602.JPEG 0.347904 0.176222 0.004584 0.008261 0.008599 0.007140 0.152955 0.294336
n01613177_1611.JPEG 0.167561 0.083810 0.000060 0.003379 0.006727 0.006075 0.246816 0.485572
n01613177_1612.JPEG 0.459471 0.244862 0.028330 0.018845 0.013333 0.026793 0.086975 0.121391
n01613177_1614.JPEG 0.170602 0.191429 0.248266 0.181202 0.042119 0.015843 0.062965 0.087573
n01613177_1615.JPEG 0.186288 0.095921 0.095248 0.193463 0.106967 0.019166 0.113270 0.189676
n01613177_1616.JPEG 0.082269 0.041650 0.000418 0.000218 0.000301 0.000296 0.291754 0.583094
n01613177_1624.JPEG 0.049431 0.026432 0.214171 0.429955 0.220879 0.016208 0.026567 0.016358
n01613177_1636.JPEG 0.108367 0.054184 0.000381 0.000939 0.000737 0.000298 0.278485 0.556610
n01613177_1638.JPEG 0.460066 0.239704 0.023659 0.038490 0.043909 0.037240 0.069963 0.086969
n01613177_1642.JPEG 0.308157 0.175334 0.042519 0.066457 0.090390 0.104684 0.130299 0.082159
n01613177_1643.JPEG 0.346651 0.173653 0.000661 0.005642 0.010609 0.027264 0.167137 0.268384
n01613177_1647.JPEG 0.330691 0.220582 0.110175 0.056010 0.002170 0.040475 0.119210 0.120687
n01613177_1663.JPEG 0.616624 0.308865 0.000445 0.006558 0.013486 0.010100 0.017561 0.026361
n01613177_1668.JPEG 0.096601 0.075872 0.055125 0.036817 0.018718 0.104454 0.299063 0.313351
n01613177_1669.JPEG 0.168741 0.135142 0.101566 0.051354 0.001166 0.099961 0.246688 0.195383
n01613177_1672.JPEG 0.263913 0.135795 0.007677 0.011824 0.015970 0.069181 0.226409 0.269231
n01613177_1675.JPEG 0.101123 0.051970 0.205255 0.410922 0.208934 0.004387 0.007848 0.009560
n01613177_1677.JPEG 0.211593 0.108916 0.006029 0.026969 0.048387 0.103601 0.243873 0.250631
n01613177_1678.JPEG 0.181547 0.109686 0.037883 0.037681 0.037378 0.073589 0.228991 0.293246
n01613177_1693.JPEG 0.188753 0.100085 0.011417 0.008242 0.005067 0.091361 0.287185 0.307889
n01613177_1709.JPEG 0.385174 0.192976 0.000740 0.017837 0.035104 0.037193 0.129820 0.201156
n01613177_1710.JPEG 0.273138 0.137632 0.002127 0.028475 0.054788 0.108582 0.212935 0.182324
n01613177_1713.JPEG 0.112261 0.056269 0.000142 0.010363 0.020645 0.020103 0.269844 0.510374
n01613177_174.JPEG 0.400671 0.200625 0.000708 0.033018 0.065073 0.075654 0.117930 0.106321
n01613177_1743.JPEG 0.095354 0.047882 0.000184 0.003562 0.007004 0.005750 0.282343 0.557923
n01613177_1746.JPEG 0.040966 0.020591 0.000175 0.002156 0.004022 0.003055 0.310760 0.618276
n01613177_1751.JPEG 0.069953 0.037667 0.212919 0.423606 0.213888 0.004143 0.015352 0.022471
n01613177_1752.JPEG 0.575532 0.287766 0.000001 0.012284 0.024568 0.024858 0.037571 0.037421
n01613177_1758.JPEG 0.073279 0.036914 0.000549 0.047278 0.094008 0.197015 0.333662 0.217295
n01613177_176.JPEG 0.433504 0.221290 0.004443 0.009540 0.015972 0.011233 0.104612 0.199406
n01613177_1764.JPEG 0.095367 0.048736 0.154125 0.311993 0.164916 0.011388 0.076331 0.137144
n01613177_1767.JPEG 0.285157 0.478179 0.224310 0.001956 0.002202 0.001826 0.003121 0.003250
n01613177_177.JPEG 0.237464 0.133998 0.030509 0.019950 0.009364 0.126746 0.269398 0.172570
n01613177_1770.JPEG 0.612801 0.307173 0.000824 0.007515 0.014955 0.010268 0.017898 0.028566
n01613177_1783.JPEG 0.052342 0.029730 0.228853 0.453555 0.227668 0.001142 0.002785 0.003926
n01613177_1792.JPEG 0.397939 0.199190 0.000571 0.018267 0.035889 0.029976 0.117782 0.200386
n01613177_1793.JPEG 0.571679 0.287675 0.003809 0.005785 0.005895 0.007973 0.044641 0.072542
n01613177_1799.JPEG 0.413053 0.210911 0.007742 0.007654 0.007507 0.024130 0.130140 0.198863
n01613177_180.JPEG 0.073279 0.036914 0.000549 0.047278 0.094008 0.197015 0.333663 0.217295
n01613177_1805.JPEG 0.091074 0.045716 0.001531 0.026708 0.049210 0.027176 0.256114 0.502471
n01613177_1808.JPEG 0.028287 0.017111 0.134620 0.265285 0.132671 0.000055 0.140675 0.281296
n01613177_1815.JPEG 0.382370 0.193710 0.005304 0.022075 0.038258 0.028176 0.119237 0.210871
n01613177_1817.JPEG 0.086744 0.044269 0.000919 0.001213 0.001530 0.001293 0.288658 0.575374
n01613177_1819.JPEG 0.048367 0.026230 0.197025 0.391472 0.196052 0.000543 0.047087 0.093225
n01613177_182.JPEG 0.023062 0.013151 0.040083 0.078175 0.039608 0.000702 0.268598 0.536621
n01613177_183.JPEG 0.114687 0.057665 0.000412 0.006426 0.012282 0.009300 0.269652 0.529577
n01613177_1830.JPEG 0.044083 0.027556 0.232752 0.458606 0.229985 0.001226 0.002702 0.003089
n01613177_1838.JPEG 0.467969 0.236880 0.005369 0.008712 0.010793 0.008000 0.090504 0.171773
n01613177_1851.JPEG 0.070640 0.045931 0.217125 0.419036 0.210082 0.002924 0.013608 0.020655
n01613177_1852.JPEG 0.042888 0.021469 0.000084 0.015316 0.030470 0.055403 0.318310 0.516061
n01613177_1856.JPEG 0.315875 0.169557 0.022864 0.031534 0.036170 0.048533 0.156685 0.218782
n01613177_1860.JPEG 0.178012 0.096235 0.012680 0.019735 0.017394 0.009624 0.226221 0.440098
n01613177_1878.JPEG 0.408146 0.205230 0.003169 0.015160 0.024494 0.028862 0.122337 0.192603
n01613177_188.JPEG 0.404493 0.269848 0.142064 0.084492 0.011017 0.009619 0.034315 0.044152
n01613177_1880.JPEG 0.226196 0.114264 0.002397 0.016310 0.029729 0.036040 0.212996 0.362069
n01613177_1882.JPEG 0.569365 0.286863 0.004361 0.003152 0.001943 0.005336 0.047357 0.081622
n01613177_1884.JPEG 0.537794 0.290353 0.029009 0.029436 0.018872 0.007854 0.031523 0.055160
n01613177_189.JPEG 0.039661 0.020028 0.000965 0.002665 0.002942 0.001827 0.311330 0.620582
n01613177_1890.JPEG 0.071012 0.055319 0.039628 0.028860 0.018093 0.178753 0.372482 0.235853
n01613177_1893.JPEG 0.470594 0.242935 0.015192 0.012959 0.010438 0.051820 0.112065 0.083997
n01613177_1896.JPEG 0.465945 0.253904 0.040652 0.043191 0.047663 0.041237 0.051635 0.055773
n01613177_1913.JPEG 0.174939 0.088539 0.001018 0.041020 0.082018 0.103751 0.231950 0.276764
n01613177_1925.JPEG 0.070536 0.038376 0.005331 0.007748 0.006003 0.003408 0.291442 0.577156
n01613177_1926.JPEG 0.443442 0.221998 0.000636 0.028952 0.057107 0.065879 0.098028 0.083958
n01613177_1931.JPEG 0.129294 0.069163 0.006534 0.017630 0.025878 0.017669 0.250455 0.483376
n01613177_1947.JPEG 0.251775 0.150264 0.048627 0.031124 0.013420 0.066326 0.205849 0.232614
n01613177_1950.JPEG 0.293051 0.147496 0.001794 0.003231 0.003729 0.002440 0.183666 0.364592
n01613177_1956.JPEG 0.430744 0.221756 0.012662 0.022252 0.031921 0.032821 0.099453 0.148390
n01613177_1958.JPEG 0.022927 0.012957 0.240852 0.479888 0.240236 0.000305 0.001044 0.001792
n01613177_1979.JPEG 0.556806 0.278677 0.000337 0.007684 0.015118 0.017591 0.051282 0.072503
n01613177_1982.JPEG 0.010540 0.005674 0.000876 0.001281 0.000742 0.000203 0.327030 0.653654
n01613177_1988.JPEG 0.128892 0.173069 0.218751 0.114618 0.007329 0.068739 0.162073 0.126529
n01613177_1993.JPEG 0.115940 0.058033 0.000047 0.091751 0.183558 0.165176 0.201841 0.183654
n01613177_2003.JPEG 0.460683 0.230732 0.000442 0.011857 0.023385 0.026618 0.097017 0.149266
n01613177_2006.JPEG 0.176846 0.089393 0.107755 0.220222 0.119892 0.024047 0.104677 0.157169
n01613177_2009.JPEG 0.116575 0.059605 0.002847 0.012209 0.019541 0.029810 0.273801 0.485613
n01613177_2011.JPEG 0.385959 0.212249 0.029003 0.026081 0.031606 0.058924 0.125287 0.130892
n01613177_2015.JPEG 0.176441 0.091725 0.002908 0.017147 0.034121 0.037200 0.232799 0.407659
n01613177_2021.JPEG 0.105428 0.053130 0.000343 0.002489 0.004848 0.005300 0.279011 0.549451
n01613177_2026.JPEG 0.333799 0.183036 0.016439 0.028588 0.041275 0.055684 0.150788 0.190390
n01613177_2032.JPEG 0.465493 0.267354 0.064071 0.032993 0.003098 0.023986 0.070545 0.072460
n01613177_2037.JPEG 0.254119 0.227437 0.202612 0.108815 0.008467 0.035624 0.087156 0.075771
n01613177_204.JPEG 0.178522 0.092126 0.005584 0.014717 0.020013 0.015908 0.231564 0.441566
n01613177_2041.JPEG 0.221207 0.142648 0.064088 0.038434 0.012779 0.129659 0.253665 0.137521
n01613177_2048.JPEG 0.117289 0.059891 0.002261 0.006746 0.011375 0.016765 0.272945 0.512728
n01613177_2053.JPEG 0.358027 0.180579 0.001494 0.018213 0.035467 0.042262 0.145744 0.218213
n01613177_2056.JPEG 0.251257 0.125629 0.000000 0.054370 0.108740 0.153960 0.201604 0.104440
n01613177_2058.JPEG 0.118637 0.082944 0.044762 0.027825 0.016990 0.067230 0.268013 0.373599
n01613177_206.JPEG 0.069787 0.055228 0.040669 0.028390 0.016112 0.179609 0.374953 0.235251
n01613177_2064.JPEG 0.606345 0.308643 0.010955 0.006678 0.002329 0.010334 0.027428 0.027287
n01613177_2088.JPEG 0.102067 0.051137 0.000129 0.006312 0.012699 0.011779 0.277219 0.538659
n01613177_2093.JPEG 0.421379 0.220992 0.020592 0.024303 0.028021 0.055134 0.117638 0.111941
n01613177_2112.JPEG 0.239640 0.121261 0.003018 0.029748 0.056034 0.098915 0.221485 0.229899
n01613177_2116.JPEG 0.164026 0.083433 0.001378 0.001610 0.002013 0.002517 0.250011 0.495011
n01613177_2117.JPEG 0.122488 0.070064 0.019643 0.016158 0.008666 0.042792 0.279523 0.440665
n01613177_2120.JPEG 0.346012 0.190649 0.035377 0.043794 0.052006 0.080043 0.138106 0.114014
n01613177_2129.JPEG 0.180369 0.099299 0.006760 0.083131 0.164589 0.088076 0.131843 0.245933
n01613177_2137.JPEG 0.404478 0.215675 0.026807 0.038909 0.050981 0.063120 0.104290 0.095739
n01613177_2139.JPEG 0.414866 0.207675 0.000357 0.021278 0.042164 0.042203 0.111608 0.159848
n01613177_2143.JPEG 0.252253 0.141405 0.027774 0.051480 0.050273 0.028269 0.161415 0.287131
n01613177_2146.JPEG 0.350827 0.218048 0.102127 0.090962 0.045753 0.030214 0.069741 0.092328
n01613177_2153.JPEG 0.500613 0.255197 0.004697 0.019818 0.036140 0.029251 0.062792 0.091492
n01613177_2164.JPEG 0.351874 0.190277 0.028680 0.030698 0.032844 0.077105 0.156751 0.131770
n01613177_2183.JPEG 0.094587 0.047294 0.000000 0.067581 0.135527 0.168564 0.262645 0.223802
n01613177_2185.JPEG 0.472760 0.236534 0.000261 0.015695 0.030997 0.034644 0.088901 0.120209
n01613177_2199.JPEG 0.022745 0.012138 0.166438 0.332271 0.166759 0.000832 0.100022 0.198795
n01613177_2201.JPEG 0.392472 0.228117 0.061187 0.088162 0.063340 0.027533 0.059952 0.079237
n01613177_2202.JPEG 0.192916 0.104945 0.006515 0.004395 0.007263 0.009055 0.229959 0.444950
n01613177_2206.JPEG 0.055794 0.058246 0.234901 0.429844 0.215683 0.001172 0.002118 0.002242
n01613177_2209.JPEG 0.115475 0.057739 0.000012 0.057987 0.115940 0.138476 0.251968 0.262403
n01613177_2216.JPEG 0.060180 0.032477 0.054959 0.126383 0.093318 0.048494 0.222890 0.361298
n01613177_2221.JPEG 0.413136 0.229619 0.045666 0.032125 0.014212 0.010956 0.090036 0.164250
n01613177_2229.JPEG 0.382863 0.193912 0.004926 0.019003 0.033029 0.043970 0.134888 0.187409
n01613177_2235.JPEG 0.477129 0.241965 0.008836 0.012759 0.012264 0.011769 0.084848 0.150428
n01613177_2252.JPEG 0.053619 0.027970 0.001267 0.016821 0.035342 0.045206 0.298648 0.521127
n01613177_2255.JPEG 0.197036 0.103768 0.011035 0.017854 0.023191 0.028402 0.223402 0.395312
n01613177_2257.JPEG 0.077818 0.039291 0.015149 0.030067 0.015706 0.000595 0.273895 0.547478
n01613177_2264.JPEG 0.602374 0.301836 0.001030 0.001410 0.001790 0.002885 0.031594 0.057081
n01613177_2267.JPEG 0.084393 0.042793 0.000663 0.002891 0.005194 0.004596 0.288466 0.571004
n01613177_2269.JPEG 0.394355 0.230341 0.066327 0.040063 0.013799 0.053195 0.113602 0.088316
n01613177_2278.JPEG 0.030596 0.016336 0.001176 0.001300 0.001182 0.000740 0.316589 0.632082
n01613177_2284.JPEG 0.288907 0.196357 0.134814 0.202976 0.105578 0.006487 0.025320 0.039561
n01613177_2290.JPEG 0.455229 0.229220 0.003211 0.012983 0.022754 0.049525 0.113841 0.113237
n01613177_2298.JPEG 0.075125 0.037592 0.000051 0.004985 0.009914 0.022399 0.300749 0.549185
n01613177_230.JPEG 0.108648 0.064665 0.196317 0.380054 0.194476 0.011224 0.022671 0.021944
n01613177_2302.JPEG 0.183851 0.095999 0.017718 0.031258 0.019459 0.014669 0.224139 0.412906
n01613177_2304.JPEG 0.141556 0.073037 0.004446 0.006003 0.007584 0.063131 0.294086 0.410156
n01613177_2311.JPEG 0.362446 0.185092 0.004649 0.015968 0.026236 0.022131 0.137646 0.245833
n01613177_2318.JPEG 0.177812 0.091903 0.017783 0.034626 0.023816 0.019586 0.226402 0.408072
n01613177_2322.JPEG 0.125933 0.076248 0.183670 0.350637 0.176994 0.004404 0.030618 0.051495
n01613177_2327.JPEG 0.184341 0.095833 0.003969 0.003580 0.002981 0.001468 0.236451 0.471378
n01613177_2330.JPEG 0.154728 0.080718 0.021874 0.047619 0.036374 0.016350 0.222078 0.420259
n01613177_2332.JPEG 0.245439 0.123493 0.001474 0.054989 0.107617 0.105741 0.172585 0.188662
n01613177_2337.JPEG 0.237364 0.131549 0.016567 0.014306 0.006662 0.000354 0.198078 0.395120
n01613177_2339.JPEG 0.194774 0.102914 0.012165 0.022382 0.020614 0.017318 0.220635 0.409199
n01613177_2377.JPEG 0.080744 0.041720 0.209686 0.419830 0.213418 0.004262 0.011994 0.018347
n01613177_238.JPEG 0.210656 0.134153 0.063620 0.052688 0.020067 0.044984 0.199102 0.274730
n01613177_2389.JPEG 0.529652 0.265766 0.001505 0.008174 0.014034 0.018944 0.066191 0.095734
n01613177_2396.JPEG 0.260967 0.155575 0.030269 0.028643 0.022710 0.017710 0.172175 0.311952
n01613177_2397.JPEG 0.118612 0.059335 0.000055 0.030110 0.060151 0.041793 0.241693 0.448250
n01613177_2398.JPEG 0.435520 0.227813 0.020113 0.025949 0.031750 0.041658 0.097956 0.119240
n01613177_2399.JPEG 0.373729 0.187712 0.003256 0.024079 0.040759 0.066317 0.148427 0.155719
n01613177_2414.JPEG 0.346449 0.178023 0.006509 0.012924 0.017534 0.020814 0.152271 0.265478
n01613177_2417.JPEG 0.049514 0.026397 0.099992 0.199640 0.102608 0.002446 0.173704 0.345700
n01613177_2425.JPEG 0.266591 0.469449 0.228073 0.009420 0.006964 0.003491 0.007304 0.008709
n01613177_2440.JPEG 0.384083 0.211654 0.035145 0.024423 0.015723 0.056671 0.139187 0.133114
n01613177_2444.JPEG 0.493713 0.248760 0.005322 0.014040 0.017574 0.017523 0.077891 0.125177
n01613177_2449.JPEG 0.461846 0.257757 0.054812 0.034147 0.007672 0.010219 0.065978 0.107569
n01613177_2453.JPEG 0.240094 0.133037 0.025972 0.033447 0.040940 0.114344 0.231246 0.180920
n01613177_2455.JPEG 0.030634 0.016036 0.232247 0.466298 0.237331 0.004924 0.006304 0.006227
n01613177_246.JPEG 0.085643 0.097738 0.210718 0.350210 0.179532 0.005579 0.025198 0.045380
n01613177_2461.JPEG 0.218891 0.119632 0.020378 0.027070 0.033791 0.093691 0.238947 0.247601
n01613177_2463.JPEG 0.143700 0.073048 0.001143 0.003390 0.005836 0.006826 0.259361 0.506696
n01613177_247.JPEG 0.303762 0.155311 0.004717 0.010630 0.014664 0.010845 0.171043 0.329028
n01613177_2472.JPEG 0.330985 0.241072 0.151236 0.079803 0.008139 0.028778 0.078101 0.081885
n01613177_2479.JPEG 0.572201 0.294590 0.016629 0.015517 0.006335 0.002540 0.032810 0.059377
n01613177_2494.JPEG 0.383534 0.222460 0.061123 0.036962 0.010289 0.036705 0.115148 0.133778
n01613177_2498.JPEG 0.462969 0.271588 0.080408 0.064546 0.025826 0.009564 0.031731 0.053369
n01613177_250.JPEG 0.223099 0.111553 0.000007 0.125334 0.250704 0.156231 0.075200 0.057873
n01613177_2504.JPEG 0.106227 0.059241 0.147039 0.285778 0.142947 0.000137 0.086265 0.172364
n01613177_2508.JPEG 0.523705 0.266029 0.005674 0.004533 0.003448 0.011586 0.071931 0.113095
n01613177_2520.JPEG 0.471308 0.244053 0.017500 0.024318 0.024541 0.017916 0.074297 0.126067
n01613177_2523.JPEG 0.107199 0.053600 0.000001 0.006086 0.012171 0.019571 0.280610 0.520762
n01613177_2528.JPEG 0.250603 0.132007 0.013363 0.036671 0.060528 0.080131 0.191661 0.235036
n01613177_2532.JPEG 0.169172 0.084738 0.000223 0.018247 0.036149 0.089530 0.272147 0.329796
n01613177_2536.JPEG 0.373570 0.190411 0.007169 0.039389 0.070142 0.056526 0.109459 0.153334
n01613177_2541.JPEG 0.543846 0.279864 0.015883 0.017973 0.020063 0.021415 0.045036 0.055921
n01613177_2543.JPEG 0.125085 0.062563 0.000041 0.004535 0.009029 0.009674 0.268184 0.520890
n01613177_2545.JPEG 0.224433 0.252060 0.186134 0.186997 0.095368 0.002876 0.018992 0.033140
n01613177_2559.JPEG 0.139576 0.076028 0.081326 0.158799 0.086265 0.006042 0.152008 0.299956
n01613177_256.JPEG 0.102327 0.059800 0.029517 0.046879 0.023454 0.000629 0.246255 0.491138
n01613177_2563.JPEG 0.309628 0.165622 0.023184 0.022804 0.011685 0.030496 0.173402 0.263178
n01613177_2576.JPEG 0.367446 0.432250 0.169213 0.006590 0.004405 0.003579 0.008011 0.008506
n01613177_2578.JPEG 0.475162 0.237631 0.000099 0.028239 0.056375 0.041014 0.066654 0.094826
n01613177_258.JPEG 0.225525 0.114394 0.003115 0.039794 0.076218 0.080766 0.196129 0.264058
n01613177_2583.JPEG 0.291742 0.283601 0.147559 0.113247 0.060091 0.005187 0.035562 0.063012
n01613177_2586.JPEG 0.384016 0.192054 0.000182 0.032139 0.063914 0.066676 0.121771 0.139249
n01613177_2591.JPEG 0.108742 0.054425 0.000065 0.002830 0.005616 0.007096 0.278030 0.543196
n01613177_2601.JPEG 0.065328 0.035048 0.196691 0.392646 0.200087 0.013918 0.043486 0.052796
n01613177_2602.JPEG 0.130668 0.066278 0.001058 0.001093 0.001312 0.001975 0.267241 0.530373
n01613177_2606.JPEG 0.275800 0.138100 0.000134 0.019293 0.042407 0.040457 0.177338 0.306471
n01613177_2608.JPEG 0.279692 0.146718 0.009777 0.012384 0.013958 0.018878 0.185656 0.332936
n01613177_2611.JPEG 0.104635 0.052876 0.000452 0.003004 0.005848 0.004413 0.277720 0.551052
n01613177_2612.JPEG 0.341988 0.172953 0.002346 0.007066 0.011271 0.015991 0.160237 0.288149
n01613177_2614.JPEG 0.055794 0.058246 0.234901 0.429844 0.215683 0.001172 0.002118 0.002241
n01613177_262.JPEG 0.258787 0.491016 0.242023 0.001905 0.000999 0.000084 0.001778 0.003409
n01613177_2620.JPEG 0.418242 0.212408 0.006552 0.024948 0.043355 0.067860 0.121727 0.104908
n01613177_2632.JPEG 0.043897 0.022048 0.000120 0.001058 0.002027 0.002480 0.310920 0.617449
n01613177_2634.JPEG 0.034580 0.029354 0.239102 0.462342 0.231527 0.000518 0.001136 0.001441
n01613177_2641.JPEG 0.417740 0.209190 0.000494 0.013253 0.026053 0.032323 0.119603 0.181343
n01613177_2654.JPEG 0.125121 0.062638 0.000259 0.004707 0.008793 0.006880 0.266455 0.525148
n01613177_2661.JPEG 0.202206 0.178198 0.154356 0.082351 0.009931 0.069586 0.165854 0.137518
n01613177_2683.JPEG 0.254061 0.157675 0.147513 0.249838 0.124494 0.002692 0.023179 0.040547
n01613177_2686.JPEG 0.236744 0.119775 0.001315 0.005113 0.009255 0.006899 0.209305 0.411594
n01613177_269.JPEG 0.213238 0.124145 0.027261 0.030311 0.017610 0.008964 0.199514 0.378956
n01613177_2698.JPEG 0.060331 0.033335 0.006283 0.006343 0.003296 0.005006 0.299523 0.585883
n01613177_2708.JPEG 0.347902 0.176221 0.004584 0.008261 0.008599 0.007140 0.152955 0.294338
n01613177_2711.JPEG 0.181872 0.092110 0.001509 0.007273 0.013012 0.020733 0.242204 0.441286
n01613177_2713.JPEG 0.519468 0.261577 0.002668 0.010611 0.017555 0.021998 0.069065 0.097059
n01613177_2727.JPEG 0.199268 0.109259 0.019100 0.012029 0.005383 0.129990 0.301960 0.223010
n01613177_2732.JPEG 0.020001 0.016789 0.013593 0.019717 0.025811 0.222407 0.436734 0.244947
n01613177_2739.JPEG 0.506990 0.253698 0.000579 0.010513 0.019927 0.024916 0.076223 0.107155
n01613177_2744.JPEG 0.284473 0.142413 0.000331 0.013965 0.027581 0.022805 0.178478 0.329953
n01613177_286.JPEG 0.324684 0.165995 0.006157 0.008298 0.008143 0.008977 0.165059 0.312688
n01613177_289.JPEG 0.136338 0.068184 0.000031 0.009893 0.019764 0.020805 0.259242 0.485745
n01613177_290.JPEG 0.221250 0.112197 0.001460 0.000959 0.001141 0.001529 0.221480 0.439983
n01613177_291.JPEG 0.293567 0.148573 0.004442 0.020595 0.032762 0.034659 0.174547 0.290853
n01613177_3.JPEG 0.131610 0.066384 0.000566 0.009678 0.018970 0.015856 0.258644 0.498291
n01613177_300.JPEG 0.176867 0.088841 0.000569 0.004005 0.007146 0.008364 0.242989 0.471219
n01613177_307.JPEG 0.212260 0.106481 0.000702 0.076555 0.152409 0.141213 0.168468 0.141912
n01613177_31.JPEG 0.592209 0.296408 0.000364 0.004066 0.008166 0.007918 0.033837 0.057031
n01613177_317.JPEG 0.096601 0.075872 0.055125 0.036817 0.018718 0.104454 0.299063 0.313351
n01613177_326.JPEG 0.228608 0.115052 0.068183 0.142147 0.081843 0.021514 0.128447 0.214206
n01613177_330.JPEG 0.296911 0.469796 0.218430 0.008502 0.004493 0.000291 0.000591 0.000985
n01613177_333.JPEG 0.331472 0.172050 0.012366 0.033070 0.053836 0.061036 0.146119 0.190050
n01613177_338.JPEG 0.376391 0.188917 0.001758 0.021277 0.039957 0.026866 0.122047 0.222786
n01613177_36.JPEG 0.206097 0.103517 0.001073 0.007466 0.013346 0.019048 0.229007 0.420445
n01613177_363.JPEG 0.295681 0.149813 0.006591 0.016661 0.020688 0.035901 0.185251 0.289414
n01613177_367.JPEG 0.341852 0.222325 0.103541 0.055616 0.006102 0.045656 0.117934 0.106975
n01613177_369.JPEG 0.291947 0.152845 0.013743 0.079880 0.146095 0.120495 0.112381 0.082615
n01613177_374.JPEG 0.182151 0.091081 0.000004 0.022349 0.044699 0.056215 0.235031 0.368469
n01613177_375.JPEG 0.394494 0.209824 0.019895 0.027861 0.029843 0.026789 0.111266 0.180029
n01613177_382.JPEG 0.152567 0.090393 0.038211 0.075737 0.092661 0.054257 0.178520 0.317654
n01613177_389.JPEG 0.330587 0.171844 0.017486 0.025380 0.022378 0.014883 0.144692 0.272749
n01613177_391.JPEG 0.159577 0.183238 0.211377 0.285540 0.143873 0.001888 0.005980 0.008527
n01613177_397.JPEG 0.243142 0.187597 0.131940 0.075962 0.019788 0.040274 0.129454 0.171843
n01613177_41.JPEG 0.100267 0.050138 0.000009 0.005450 0.010891 0.009968 0.278949 0.544329
n01613177_411.JPEG 0.561658 0.296025 0.011197 0.013129 0.023545 0.022269 0.034918 0.037259
n01613177_420.JPEG 0.342673 0.182381 0.021538 0.032183 0.042896 0.055369 0.141462 0.181496
n01613177_430.JPEG 0.116763 0.149734 0.185607 0.107502 0.023092 0.084823 0.185705 0.146773
n01613177_433.JPEG 0.052080 0.027678 0.003347 0.036217 0.068690 0.091456 0.297316 0.423217
n01613177_434.JPEG 0.432520 0.225619 0.042795 0.083991 0.063407 0.024090 0.051030 0.076548
n01613177_441.JPEG 0.109100 0.056394 0.004872 0.008145 0.007004 0.004525 0.272127 0.537831
n01613177_459.JPEG 0.330225 0.448079 0.192264 0.010074 0.009336 0.003061 0.002500 0.004461
n01613177_4652.JPEG 0.614242 0.309027 0.003775 0.007661 0.008986 0.006166 0.019240 0.030902
n01613177_4655.JPEG 0.101592 0.052129 0.179326 0.359601 0.184134 0.006728 0.042601 0.073888
n01613177_4656.JPEG 0.551256 0.275628 0.000003 0.008536 0.017063 0.022457 0.055613 0.069443
n01613177_466.JPEG 0.138233 0.074717 0.011933 0.021607 0.018867 0.009440 0.245753 0.479450
n01613177_4661.JPEG 0.449998 0.229149 0.005566 0.024127 0.041947 0.056252 0.100192 0.092769
n01613177_4665.JPEG 0.122716 0.090264 0.057747 0.034562 0.011438 0.135647 0.312409 0.235218
n01613177_4671.JPEG 0.301534 0.227647 0.154401 0.080778 0.005080 0.031798 0.096083 0.102680
n01613177_4672.JPEG 0.139746 0.073079 0.081624 0.162129 0.086487 0.006076 0.152488 0.298372
n01613177_4673.JPEG 0.335449 0.182317 0.018226 0.040142 0.060145 0.057972 0.132070 0.173678
n01613177_4674.JPEG 0.143906 0.072976 0.001941 0.077696 0.153567 0.180359 0.226693 0.142863
n01613177_4676.JPEG 0.084427 0.043013 0.054940 0.167035 0.171083 0.107464 0.172964 0.199074
n01613177_468.JPEG 0.103888 0.051944 0.000003 0.034549 0.069090 0.075696 0.262762 0.402068
n01613177_4683.JPEG 0.042754 0.022230 0.225162 0.451133 0.228556 0.003677 0.010474 0.016014
n01613177_4684.JPEG 0.039681 0.020380 0.000943 0.002907 0.004118 0.004509 0.311862 0.615599
n01613177_4691.JPEG 0.337466 0.170729 0.003191 0.026181 0.048304 0.048655 0.146726 0.218746
n01613177_4693.JPEG 0.142298 0.072362 0.002871 0.027485 0.050219 0.055663 0.247430 0.401673
n01613177_4701.JPEG 0.096774 0.048795 0.000559 0.005401 0.010005 0.009882 0.281181 0.547403
n01613177_4703.JPEG 0.118441 0.059660 0.000497 0.003011 0.005493 0.005040 0.271640 0.536218
n01613177_4704.JPEG 0.664781 0.332670 0.000221 0.000277 0.000553 0.000477 0.000494 0.000527
n01613177_4706.JPEG 0.551303 0.281602 0.011139 0.016311 0.011429 0.003242 0.042611 0.082363
n01613177_4708.JPEG 0.114570 0.058784 0.003730 0.018644 0.031780 0.134231 0.331560 0.306701
n01613177_4711.JPEG 0.282902 0.142965 0.006629 0.011740 0.007533 0.002392 0.183068 0.362770
n01613177_4723.JPEG 0.075594 0.038720 0.001830 0.005159 0.008482 0.114088 0.361872 0.394255
n01613177_4726.JPEG 0.179205 0.091234 0.003216 0.040705 0.078308 0.154698 0.266346 0.186287
n01613177_4728.JPEG 0.122323 0.125750 0.129159 0.068665 0.008217 0.104165 0.247263 0.194457
n01613177_4729.JPEG 0.086935 0.048355 0.015510 0.044053 0.056280 0.108407 0.298139 0.342321
n01613177_4735.JPEG 0.187624 0.095086 0.002515 0.037853 0.073355 0.148085 0.263112 0.192370
n01613177_4738.JPEG 0.171025 0.087200 0.003298 0.039343 0.075515 0.156220 0.274187 0.193212
n01613177_4739.JPEG 0.344514 0.193421 0.026570 0.026436 0.017375 0.006708 0.131094 0.253882
n01613177_4741.JPEG 0.424498 0.248125 0.078019 0.061581 0.018430 0.019985 0.068409 0.080953
n01613177_4742.JPEG 0.123604 0.073896 0.157935 0.302786 0.156176 0.009478 0.064873 0.111254
n01613177_4747.JPEG 0.309775 0.182479 0.026628 0.019012 0.015577 0.014951 0.153920 0.277658
n01613177_4748.JPEG 0.250201 0.141091 0.061092 0.105756 0.062843 0.012134 0.127164 0.239718
n01613177_4749.JPEG 0.238431 0.156197 0.073570 0.040299 0.007104 0.115825 0.235118 0.133455
n01613177_4751.JPEG 0.145154 0.103943 0.062748 0.037577 0.012296 0.129159 0.292729 0.216394
n01613177_4752.JPEG 0.427732 0.218999 0.014863 0.050163 0.069946 0.067491 0.087155 0.063651
n01613177_4753.JPEG 0.075249 0.038558 0.000752 0.002390 0.004508 0.003860 0.293146 0.581537
n01613177_4754.JPEG 0.014643 0.008612 0.239157 0.477353 0.239854 0.001854 0.007237 0.011290
n01613177_4755.JPEG 0.139593 0.168531 0.197421 0.102297 0.007256 0.071535 0.172313 0.141054
n01613177_4756.JPEG 0.063554 0.031816 0.000067 0.009846 0.019691 0.049550 0.314813 0.510663
n01613177_4762.JPEG 0.345514 0.172843 0.000178 0.012251 0.024221 0.054709 0.172718 0.217565
n01613177_4764.JPEG 0.115552 0.057776 0.000000 0.007702 0.015405 0.192807 0.388690 0.222067
n01613177_4770.JPEG 0.180838 0.104625 0.028298 0.017821 0.007260 0.113146 0.292200 0.255812
n01613177_4771.JPEG 0.193831 0.099916 0.006664 0.025662 0.041403 0.068397 0.236710 0.327416
n01613177_4773.JPEG 0.208508 0.104612 0.000781 0.014394 0.027294 0.020446 0.214964 0.409001
n01613177_4774.JPEG 0.213207 0.124514 0.067012 0.121701 0.080764 0.018027 0.129092 0.245683
n01613177_4775.JPEG 0.077953 0.039903 0.000742 0.002395 0.004566 0.004828 0.292361 0.577253
n01613177_4778.JPEG 0.168092 0.084462 0.000740 0.036428 0.072270 0.157212 0.281246 0.199550
n01613177_4784.JPEG 0.147424 0.099510 0.193566 0.355933 0.182826 0.005480 0.007302 0.007960
n01613177_4788.JPEG 0.148512 0.082595 0.135982 0.265511 0.154381 0.061962 0.095440 0.055617
n01613177_4789.JPEG 0.161616 0.081920 0.002106 0.083121 0.164257 0.173494 0.202460 0.131026
n01613177_4797.JPEG 0.518691 0.272859 0.028918 0.029236 0.022276 0.015037 0.042973 0.070011
n01613177_4807.JPEG 0.362036 0.190783 0.015494 0.017083 0.019434 0.020532 0.134215 0.240425
n01613177_4808.JPEG 0.197028 0.111103 0.014812 0.016644 0.020432 0.020394 0.216537 0.403051
n01613177_4809.JPEG 0.309358 0.158823 0.008288 0.068689 0.129091 0.125832 0.127927 0.071992
n01613177_481.JPEG 0.032932 0.016466 0.000000 0.015362 0.030728 0.072150 0.334237 0.498125
n01613177_4810.JPEG 0.151236 0.076691 0.001955 0.081128 0.160479 0.177061 0.213892 0.137559
n01613177_4814.JPEG 0.082833 0.041629 0.000402 0.054921 0.109569 0.201637 0.316423 0.192586
n01613177_4817.JPEG 0.075927 0.042840 0.010418 0.015402 0.019013 0.191145 0.397058 0.248198
n01613177_482.JPEG 0.051677 0.026988 0.001054 0.002813 0.004858 0.003768 0.304374 0.604467
n01613177_4823.JPEG 0.194581 0.098798 0.002955 0.052792 0.102817 0.155835 0.235035 0.157188
n01613177_4825.JPEG 0.250691 0.127963 0.004338 0.005033 0.004747 0.009832 0.206978 0.390416
n01613177_4831.JPEG 0.361287 0.193823 0.026322 0.026639 0.027645 0.072202 0.155097 0.136986
n01613177_4832.JPEG 0.216246 0.109070 0.002015 0.032554 0.061163 0.060203 0.203111 0.315638
n01613177_4834.JPEG 0.123408 0.090241 0.057084 0.034302 0.011470 0.134207 0.311569 0.237718
n01613177_4838.JPEG 0.299936 0.158618 0.013029 0.017916 0.019449 0.018250 0.166906 0.305896
n01613177_4839.JPEG 0.125441 0.064001 0.002509 0.010423 0.017279 0.023552 0.267429 0.489366
n01613177_4841.JPEG 0.224930 0.130329 0.059160 0.088652 0.046065 0.010447 0.153897 0.286520
n01613177_4842.JPEG 0.386419 0.214026 0.042122 0.027455 0.010941 0.019460 0.114168 0.185410
n01613177_485.JPEG 0.150698 0.076616 0.002438 0.026403 0.050440 0.099215 0.272021 0.322169
n01613177_4851.JPEG 0.126741 0.063809 0.000835 0.054539 0.108369 0.187499 0.285960 0.172248
n01613177_488.JPEG 0.243063 0.121583 0.000104 0.118042 0.235986 0.127594 0.060805 0.092823
n01613177_49.JPEG 0.042340 0.032233 0.211148 0.408267 0.205247 0.001306 0.033696 0.065761
n01613177_495.JPEG 0.317212 0.174123 0.031041 0.045819 0.061201 0.075073 0.142471 0.153059
n01613177_498.JPEG 0.378438 0.192589 0.006776 0.053855 0.100719 0.080328 0.092461 0.094833
n01613177_499.JPEG 0.277747 0.241872 0.205244 0.104754 0.004053 0.034529 0.076185 0.055616
n01613177_50.JPEG 0.159988 0.085212 0.168261 0.332648 0.171125 0.005800 0.028201 0.048765
n01613177_500.JPEG 0.426261 0.213272 0.000748 0.016881 0.032082 0.059213 0.127253 0.124292
n01613177_502.JPEG 0.421582 0.216702 0.011821 0.027659 0.043497 0.066559 0.115537 0.096644
n01613177_505.JPEG 0.107142 0.053720 0.000253 0.003764 0.007265 0.007801 0.277517 0.542538
n01613177_509.JPEG 0.145118 0.074665 0.004213 0.054886 0.105560 0.157624 0.257487 0.200447
n01613177_51.JPEG 0.408566 0.216259 0.024280 0.028338 0.031743 0.060680 0.121683 0.108452
n01613177_517.JPEG 0.127297 0.064049 0.001903 0.005905 0.007376 0.006380 0.265699 0.521391
n01613177_522.JPEG 0.093400 0.046740 0.000052 0.001960 0.003885 0.003421 0.284986 0.565556
n01613177_525.JPEG 0.090338 0.046220 0.111851 0.221808 0.111122 0.001006 0.139919 0.277735
n01613177_527.JPEG 0.112764 0.162382 0.210716 0.107321 0.004707 0.084387 0.187698 0.130023
n01613177_528.JPEG 0.504645 0.253048 0.001232 0.009482 0.017098 0.016337 0.074034 0.124124
n01613177_535.JPEG 0.418160 0.232342 0.046466 0.031404 0.016433 0.047762 0.108629 0.098804
n01613177_538.JPEG 0.406552 0.213832 0.021420 0.016903 0.011530 0.024843 0.120928 0.183993
n01613177_549.JPEG 0.568092 0.289012 0.010273 0.011857 0.012746 0.021959 0.044448 0.041614
n01613177_556.JPEG 0.278023 0.172707 0.143786 0.243339 0.122857 0.001608 0.013279 0.024401
n01613177_558.JPEG 0.086102 0.044109 0.144659 0.289472 0.147203 0.004240 0.097310 0.186905
n01613177_561.JPEG 0.563022 0.283857 0.004056 0.007295 0.010142 0.018326 0.051174 0.062128
n01613177_57.JPEG 0.333632 0.168401 0.003758 0.013683 0.021645 0.025030 0.159372 0.274478
n01613177_571.JPEG 0.327811 0.165996 0.003933 0.005854 0.005792 0.006536 0.165686 0.318393
n01613177_578.JPEG 0.265833 0.167364 0.055497 0.064307 0.035416 0.011006 0.141410 0.259166
n01613177_584.JPEG 0.062141 0.139374 0.216740 0.111227 0.005449 0.105229 0.222516 0.137323
n01613177_589.JPEG 0.436935 0.232053 0.027128 0.024150 0.021376 0.045812 0.105820 0.106725
n01613177_590.JPEG 0.049348 0.026362 0.209790 0.417524 0.209173 0.000648 0.029406 0.057749
n01613177_596.JPEG 0.390865 0.255318 0.119561 0.086653 0.027950 0.010476 0.040540 0.068639
n01613177_597.JPEG 0.095503 0.048934 0.081284 0.159624 0.079563 0.000808 0.178769 0.355515
n01613177_598.JPEG 0.423829 0.254567 0.083371 0.042442 0.002450 0.023780 0.079010 0.090551
n01613177_6.JPEG 0.226196 0.114264 0.002397 0.016310 0.029729 0.036040 0.212996 0.362069
n01613177_60.JPEG 0.176408 0.146583 0.116757 0.063265 0.009773 0.118974 0.236835 0.131406
n01613177_604.JPEG 0.169570 0.085942 0.001507 0.002428 0.002996 0.017367 0.256168 0.464021
n01613177_607.JPEG 0.075444 0.116236 0.157118 0.081774 0.006208 0.085706 0.241754 0.235760
n01613177_610.JPEG 0.312834 0.165013 0.017221 0.060090 0.102818 0.108661 0.135069 0.098296
n01613177_615.JPEG 0.351861 0.195345 0.038829 0.030862 0.022894 0.075028 0.158641 0.126540
n01613177_631.JPEG 0.211594 0.108916 0.006028 0.026968 0.048386 0.103602 0.243874 0.250632
n01613177_639.JPEG 0.441203 0.231036 0.020833 0.021016 0.021216 0.064357 0.120529 0.079810
n01613177_646.JPEG 0.434862 0.220643 0.006425 0.049736 0.092937 0.070326 0.065556 0.059514
n01613177_653.JPEG 0.466816 0.241760 0.034513 0.061953 0.040333 0.013465 0.053518 0.087642
