5613
n01613177_1000.JPEG 0.186616 0.000488 0.000156 0.000449 0.008611 0.000031 0.036331 0.767316
n01613177_1005.JPEG 0.681828 0.000000 0.000679 0.000000 0.075951 0.000000 0.115264 0.126278
n01613177_101.JPEG 0.770625 0.000238 0.019262 0.000059 0.010289 0.000476 0.032110 0.166942
n01613177_1013.JPEG 0.117388 0.000193 0.000094 0.000122 0.566108 0.000436 0.188142 0.127518
n01613177_1028.JPEG 0.300800 0.000403 0.000217 0.000186 0.051155 0.000465 0.068915 0.577858
n01613177_1031.JPEG 0.638871 0.007952 0.011102 0.026927 0.022207 0.000551 0.028586 0.263804
n01613177_104.JPEG 0.381752 0.000001 0.008590 0.000002 0.050713 0.000000 0.340344 0.218598
n01613177_1059.JPEG 0.312483 0.004878 0.000001 0.001032 0.089677 0.005534 0.026390 0.560005
n01613177_1066.JPEG 0.302192 0.005883 0.000000 0.626165 0.025965 0.000146 0.012251 0.027397
n01613177_107.JPEG 0.233733 0.001566 0.000060 0.001474 0.027298 0.000036 0.022726 0.713109
n01613177_1077.JPEG 0.641478 0.002347 0.000685 0.006993 0.128314 0.000098 0.081810 0.138274
n01613177_1080.JPEG 0.617862 0.012378 0.000000 0.013174 0.037674 0.000177 0.061098 0.257638
n01613177_109.JPEG 0.280770 0.000026 0.001786 0.000268 0.023202 0.000000 0.520696 0.173254
n01613177_1093.JPEG 0.454413 0.012852 0.000000 0.018499 0.002144 0.000000 0.001803 0.510289
n01613177_110.JPEG 0.086865 0.004400 0.000167 0.006691 0.001189 0.000005 0.004041 0.896643
n01613177_1100.JPEG 0.494231 0.000000 0.033049 0.000000 0.037873 0.000000 0.364955 0.069892
n01613177_1114.JPEG 0.329302 0.000000 0.000003 0.000000 0.000004 0.000000 0.000034 0.670658
n01613177_1118.JPEG 0.278090 0.000776 0.000776 0.001163 0.025984 0.000000 0.048672 0.644540
n01613177_1130.JPEG 0.115538 0.000310 0.024100 0.000585 0.018306 0.000004 0.450470 0.390687
n01613177_1131.JPEG 0.387507 0.033061 0.002137 0.013153 0.025065 0.003377 0.341175 0.194524
n01613177_1156.JPEG 0.201119 0.004979 0.000000 0.004000 0.385228 0.007644 0.021392 0.375636
n01613177_1158.JPEG 0.251069 0.000000 0.078526 0.000000 0.194293 0.000180 0.423041 0.052891
n01613177_1166.JPEG 0.436514 0.000000 0.000218 0.000000 0.442168 0.000000 0.064027 0.057073
n01613177_1167.JPEG 0.250953 0.000382 0.154820 0.001293 0.017484 0.000809 0.394505 0.179754
n01613177_118.JPEG 0.122178 0.005045 0.000261 0.208420 0.011167 0.000000 0.005822 0.647108
n01613177_1184.JPEG 0.083759 0.000005 0.000194 0.000006 0.021865 0.000005 0.031300 0.862866
n01613177_1185.JPEG 0.175099 0.000096 0.007183 0.000006 0.016985 0.000174 0.034360 0.766097
n01613177_1189.JPEG 0.531345 0.039541 0.004396 0.014445 0.045886 0.003203 0.069143 0.292042
n01613177_119.JPEG 0.166839 0.000054 0.000053 0.000112 0.288975 0.000000 0.539256 0.004711
n01613177_1192.JPEG 0.297382 0.577870 0.000208 0.035033 0.019494 0.007317 0.010571 0.052125
n01613177_12.JPEG 0.326698 0.000160 0.000034 0.000116 0.000095 0.000180 0.000085 0.672633
n01613177_1208.JPEG 0.906055 0.000084 0.000502 0.000251 0.013711 0.000084 0.019480 0.059834
n01613177_1209.JPEG 0.259059 0.000000 0.007520 0.000000 0.188436 0.000005 0.374313 0.170666
n01613177_121.JPEG 0.557551 0.000516 0.135373 0.000421 0.032648 0.000998 0.064888 0.207604
n01613177_1214.JPEG 0.697926 0.003141 0.019335 0.016991 0.036571 0.000945 0.052191 0.172900
n01613177_122.JPEG 0.221466 0.000000 0.352250 0.000786 0.041758 0.000157 0.116949 0.266633
n01613177_1234.JPEG 0.437696 0.000000 0.037312 0.000000 0.017871 0.000172 0.162024 0.344925
n01613177_1236.JPEG 0.726080 0.025750 0.089394 0.052144 0.012365 0.005567 0.007030 0.081670
n01613177_1239.JPEG 0.029489 0.001527 0.000016 0.950895 0.001429 0.000031 0.001080 0.015532
n01613177_1241.JPEG 0.696252 0.000000 0.000222 0.000070 0.070483 0.000000 0.229791 0.003181
n01613177_1250.JPEG 0.140726 0.016598 0.006815 0.789555 0.007089 0.000202 0.019785 0.019230
n01613177_1260.JPEG 0.460970 0.000214 0.000094 0.000670 0.043507 0.000014 0.086181 0.408350
n01613177_1270.JPEG 0.307390 0.011852 0.001020 0.055726 0.025983 0.001491 0.075433 0.521106
n01613177_1279.JPEG 0.221050 0.000002 0.000942 0.000009 0.143938 0.000000 0.564758 0.069302
n01613177_128.JPEG 0.150235 0.007465 0.005333 0.758621 0.016911 0.000178 0.033339 0.027918
n01613177_1281.JPEG 0.544010 0.000133 0.077593 0.000138 0.022419 0.000279 0.152075 0.203351
n01613177_1283.JPEG 0.481102 0.013338 0.000170 0.016611 0.007530 0.000736 0.004431 0.476082
n01613177_1284.JPEG 0.684133 0.000094 0.185340 0.000187 0.010936 0.000185 0.030952 0.088173
n01613177_1293.JPEG 0.579295 0.000000 0.179266 0.002235 0.005247 0.000000 0.149328 0.084629
n01613177_1295.JPEG 0.212957 0.002138 0.000193 0.001441 0.020811 0.000799 0.014673 0.746987
n01613177_1298.JPEG 0.160313 0.000865 0.000456 0.000679 0.005472 0.000234 0.004156 0.827825
n01613177_1299.JPEG 0.053886 0.231781 0.000000 0.697121 0.007822 0.000000 0.006755 0.002636
n01613177_1304.JPEG 0.360497 0.022404 0.000012 0.291966 0.010264 0.000120 0.017267 0.297470
n01613177_1312.JPEG 0.319776 0.000682 0.002722 0.000627 0.027900 0.000227 0.086120 0.561946
n01613177_1313.JPEG 0.198113 0.001573 0.000099 0.000346 0.006153 0.000171 0.005749 0.787797
n01613177_1316.JPEG 0.217181 0.000045 0.000125 0.000003 0.011411 0.000120 0.011107 0.760008
n01613177_1321.JPEG 0.413721 0.189731 0.000056 0.263482 0.027747 0.001590 0.024364 0.079310
n01613177_1325.JPEG 0.623009 0.002589 0.000457 0.000388 0.016819 0.003447 0.018699 0.334592
n01613177_133.JPEG 0.073017 0.001526 0.000000 0.004132 0.003942 0.000000 0.002862 0.914521
n01613177_1333.JPEG 0.396711 0.000000 0.000000 0.000000 0.250418 0.000000 0.172121 0.180750
n01613177_1344.JPEG 0.381327 0.000010 0.026207 0.000328 0.038431 0.000135 0.098352 0.455212
n01613177_1346.JPEG 0.765261 0.000000 0.096148 0.000000 0.016907 0.000447 0.038914 0.082323
n01613177_1355.JPEG 0.502908 0.001990 0.002335 0.005950 0.024283 0.000028 0.045964 0.416542
n01613177_1389.JPEG 0.298885 0.000718 0.008830 0.002207 0.015559 0.000124 0.030523 0.643154
n01613177_1397.JPEG 0.516805 0.003696 0.088327 0.015047 0.011909 0.000184 0.195147 0.168884
n01613177_14.JPEG 0.184383 0.000375 0.005452 0.001500 0.018050 0.000000 0.128577 0.661663
n01613177_1401.JPEG 0.643905 0.000526 0.000591 0.000009 0.137540 0.005039 0.119887 0.092502
n01613177_1429.JPEG 0.124809 0.000000 0.056899 0.000000 0.005536 0.000067 0.672957 0.139733
n01613177_1431.JPEG 0.323419 0.000142 0.249132 0.003988 0.016096 0.000000 0.247110 0.160113
n01613177_1439.JPEG 0.268203 0.021056 0.000887 0.005755 0.022517 0.000283 0.022012 0.659288
n01613177_147.JPEG 0.122194 0.004946 0.004876 0.795825 0.010028 0.000275 0.028434 0.033422
n01613177_1488.JPEG 0.038923 0.000000 0.026421 0.000068 0.050192 0.000011 0.815414 0.068970
n01613177_1492.JPEG 0.359948 0.000642 0.000325 0.000000 0.029401 0.000964 0.032897 0.575822
n01613177_1498.JPEG 0.598621 0.000000 0.001041 0.000714 0.018689 0.000000 0.357368 0.023568
n01613177_1499.JPEG 0.460079 0.007213 0.017471 0.003724 0.041922 0.000745 0.165004 0.303842
n01613177_1504.JPEG 0.839596 0.000439 0.008409 0.000610 0.030698 0.000088 0.024969 0.095192
n01613177_1515.JPEG 0.417405 0.002081 0.000036 0.000071 0.125182 0.014003 0.040387 0.400836
n01613177_152.JPEG 0.247487 0.000132 0.479212 0.007632 0.005029 0.000063 0.176020 0.084426
n01613177_1533.JPEG 0.319513 0.009087 0.000218 0.023629 0.023174 0.000000 0.051420 0.572960
n01613177_1534.JPEG 0.093875 0.000282 0.721377 0.002168 0.002427 0.000715 0.121501 0.057655
n01613177_1535.JPEG 0.490071 0.000101 0.053804 0.000019 0.007506 0.000331 0.192768 0.255400
n01613177_1540.JPEG 0.178912 0.000170 0.000045 0.000081 0.021262 0.003332 0.016845 0.779353
n01613177_1544.JPEG 0.100865 0.017579 0.003141 0.832097 0.009183 0.000048 0.022198 0.014887
n01613177_1551.JPEG 0.225873 0.000312 0.000294 0.000089 0.151032 0.000144 0.285428 0.336827
n01613177_1557.JPEG 0.759319 0.017394 0.000000 0.003541 0.050531 0.000312 0.012945 0.155956
n01613177_1570.JPEG 0.193262 0.000661 0.007696 0.001120 0.016843 0.001643 0.038555 0.740221
n01613177_1571.JPEG 0.410878 0.000549 0.000459 0.000183 0.025091 0.000092 0.042307 0.520441
n01613177_1584.JPEG 0.788261 0.001006 0.000150 0.000449 0.072682 0.000120 0.045838 0.091494
n01613177_1593.JPEG 0.582065 0.000203 0.006480 0.000421 0.034080 0.000096 0.058485 0.318169
n01613177_1595.JPEG 0.600162 0.000098 0.001064 0.000081 0.054364 0.000595 0.060358 0.283278
n01613177_1602.JPEG 0.525922 0.003465 0.001688 0.007063 0.009244 0.000535 0.011346 0.440738
n01613177_1611.JPEG 0.252887 0.000000 0.000090 0.000001 0.010107 0.000089 0.008050 0.728776
n01613177_1612.JPEG 0.715015 0.003199 0.042383 0.000400 0.015598 0.009996 0.047984 0.165425
n01613177_1614.JPEG 0.303914 0.000005 0.378110 0.128307 0.010870 0.000016 0.045543 0.133234
n01613177_1615.JPEG 0.312466 0.006042 0.000348 0.315884 0.023160 0.000101 0.041555 0.300444
n01613177_1616.JPEG 0.123005 0.000973 0.000088 0.000116 0.000356 0.000088 0.000357 0.875016
n01613177_1624.JPEG 0.094130 0.004414 0.000070 0.830255 0.015322 0.000055 0.047745 0.008009
n01613177_1636.JPEG 0.162654 0.000001 0.000000 0.001214 0.000536 0.000000 0.000364 0.835231
n01613177_1638.JPEG 0.727155 0.000925 0.029202 0.015509 0.061530 0.000320 0.055623 0.109736
n01613177_1642.JPEG 0.528828 0.000011 0.072938 0.000048 0.155061 0.000069 0.204101 0.038944
n01613177_1643.JPEG 0.534734 0.000000 0.001011 0.000021 0.016355 0.000000 0.067761 0.380119
n01613177_1647.JPEG 0.548138 0.000496 0.182450 0.000000 0.003310 0.000579 0.129772 0.135256
n01613177_1663.JPEG 0.933708 0.001067 0.000079 0.000133 0.019532 0.001667 0.007741 0.036073
n01613177_1668.JPEG 0.166886 0.000034 0.095220 0.000010 0.031980 0.000711 0.327538 0.377621
n01613177_1669.JPEG 0.298014 0.000000 0.179335 0.000082 0.001895 0.000247 0.350698 0.169729
n01613177_1672.JPEG 0.427049 0.000000 0.012427 0.000000 0.025842 0.000000 0.198053 0.336628
n01613177_1675.JPEG 0.190128 0.003563 0.000000 0.775494 0.008690 0.000147 0.007666 0.014311
n01613177_1677.JPEG 0.354873 0.000485 0.009742 0.000268 0.080251 0.001647 0.264202 0.288531
n01613177_1678.JPEG 0.300086 0.000011 0.062506 0.000213 0.061637 0.000080 0.181483 0.393983
n01613177_1693.JPEG 0.313567 0.000000 0.018969 0.000000 0.008421 0.000000 0.295124 0.363920
n01613177_1709.JPEG 0.600160 0.000098 0.001064 0.000081 0.054364 0.000595 0.060360 0.283278
n01613177_1710.JPEG 0.460124 0.000079 0.003464 0.000157 0.092164 0.000118 0.273456 0.170438
n01613177_1713.JPEG 0.171746 0.000235 0.000070 0.000060 0.031540 0.000070 0.029871 0.766407
n01613177_174.JPEG 0.650488 0.000000 0.000942 0.000417 0.105433 0.000008 0.140199 0.102514
n01613177_1743.JPEG 0.143678 0.000408 0.000005 0.000136 0.010472 0.000058 0.006765 0.838478
n01613177_1746.JPEG 0.061541 0.000213 0.000005 0.000303 0.005877 0.000047 0.003223 0.928791
n01613177_1751.JPEG 0.130611 0.006803 0.000103 0.808783 0.005361 0.000000 0.010515 0.037824
n01613177_1752.JPEG 0.885302 0.000000 0.000000 0.000005 0.037787 0.000006 0.038678 0.038224
n01613177_1758.JPEG 0.136936 0.000000 0.001026 0.000000 0.175666 0.000005 0.560633 0.125734
n01613177_176.JPEG 0.655693 0.008661 0.000827 0.003216 0.021793 0.001835 0.008744 0.299231
n01613177_1764.JPEG 0.170662 0.001249 0.001908 0.548575 0.021665 0.000497 0.018248 0.237197
n01613177_1767.JPEG 0.119055 0.867311 0.000000 0.002237 0.003115 0.000073 0.003818 0.004391
n01613177_177.JPEG 0.415114 0.000090 0.053247 0.000096 0.016318 0.000011 0.426840 0.088283
n01613177_1770.JPEG 0.928270 0.001206 0.000532 0.000230 0.021792 0.001522 0.006294 0.040155
n01613177_1783.JPEG 0.097392 0.009243 0.000000 0.882332 0.002315 0.000000 0.002134 0.006584
n01613177_1792.JPEG 0.615095 0.000447 0.000013 0.001300 0.053890 0.001913 0.034987 0.292356
n01613177_1793.JPEG 0.865945 0.001691 0.003029 0.003803 0.006907 0.000261 0.016747 0.101617
n01613177_1799.JPEG 0.636537 0.002371 0.009982 0.001571 0.010511 0.000589 0.062822 0.275617
n01613177_180.JPEG 0.136935 0.000000 0.001026 0.000000 0.175666 0.000005 0.560633 0.125735
n01613177_1805.JPEG 0.140460 0.000368 0.000000 0.004362 0.073767 0.000092 0.009985 0.770965
n01613177_1808.JPEG 0.045607 0.006858 0.000000 0.459828 0.000007 0.000093 0.000001 0.487607
n01613177_1815.JPEG 0.591839 0.000085 0.007692 0.000969 0.058744 0.000000 0.028484 0.312187
n01613177_1817.JPEG 0.129516 0.001766 0.000048 0.000901 0.001796 0.000108 0.001874 0.863991
n01613177_1819.JPEG 0.087916 0.004987 0.000169 0.731215 0.000845 0.000000 0.001183 0.173685
n01613177_182.JPEG 0.034381 0.003348 0.000043 0.121895 0.000603 0.000745 0.000103 0.838882
n01613177_183.JPEG 0.173391 0.000644 0.000008 0.000586 0.018286 0.000047 0.009792 0.797245
n01613177_1830.JPEG 0.079128 0.014398 0.000000 0.897085 0.001781 0.000000 0.003023 0.004585
n01613177_1838.JPEG 0.709041 0.002164 0.005543 0.003053 0.014805 0.000099 0.009276 0.256020
n01613177_1851.JPEG 0.123482 0.024401 0.004156 0.801256 0.002830 0.000000 0.008400 0.035475
n01613177_1852.JPEG 0.068102 0.000015 0.000057 0.000137 0.048316 0.000011 0.127631 0.755732
n01613177_1856.JPEG 0.502150 0.005791 0.028468 0.010387 0.051598 0.002081 0.099435 0.300089
n01613177_1860.JPEG 0.265969 0.013729 0.001567 0.022005 0.014916 0.001480 0.011626 0.668708
n01613177_1878.JPEG 0.631533 0.000974 0.002122 0.004599 0.035630 0.000000 0.053754 0.271388
n01613177_188.JPEG 0.661840 0.002618 0.217732 0.027733 0.003841 0.000709 0.026280 0.059246
n01613177_1880.JPEG 0.352277 0.000422 0.003001 0.001049 0.045735 0.000135 0.066319 0.531062
n01613177_1882.JPEG 0.860472 0.000000 0.006591 0.000000 0.002940 0.000000 0.013197 0.116800
n01613177_1884.JPEG 0.812359 0.043783 0.000892 0.044433 0.001567 0.010983 0.000833 0.085150
n01613177_189.JPEG 0.059468 0.000372 0.000037 0.002456 0.003066 0.000260 0.001910 0.932431
n01613177_1890.JPEG 0.132908 0.000000 0.074165 0.000008 0.033851 0.000017 0.635234 0.123817
n01613177_1893.JPEG 0.750371 0.000486 0.023640 0.000702 0.016299 0.000000 0.149028 0.059475
n01613177_1896.JPEG 0.742123 0.002928 0.062416 0.001989 0.071461 0.007216 0.045723 0.066144
n01613177_1913.JPEG 0.291976 0.001875 0.000768 0.000000 0.136593 0.001459 0.207905 0.359424
n01613177_1925.JPEG 0.103692 0.006051 0.000328 0.009423 0.004272 0.000198 0.005646 0.870390
n01613177_1926.JPEG 0.712345 0.000000 0.000892 0.000258 0.091608 0.000000 0.120049 0.074848
n01613177_1931.JPEG 0.194308 0.008545 0.001054 0.009419 0.034264 0.001545 0.016923 0.733942
n01613177_1947.JPEG 0.415117 0.000517 0.079657 0.000618 0.021802 0.000058 0.196928 0.285302
n01613177_1950.JPEG 0.440670 0.001238 0.001068 0.002033 0.004599 0.000000 0.002758 0.547634
n01613177_1956.JPEG 0.672355 0.000166 0.019684 0.000000 0.049789 0.000083 0.052519 0.205405
n01613177_1958.JPEG 0.043361 0.003916 0.000030 0.948174 0.000745 0.000054 0.000355 0.003365
n01613177_1979.JPEG 0.850157 0.000378 0.000270 0.000114 0.022979 0.000108 0.030534 0.095459
n01613177_1982.JPEG 0.015441 0.000810 0.000000 0.001822 0.000204 0.000000 0.000407 0.981317
n01613177_1988.JPEG 0.235381 0.000182 0.396612 0.005867 0.010444 0.000022 0.240670 0.110822
n01613177_1993.JPEG 0.208241 0.000147 0.000007 0.000010 0.329679 0.000241 0.263395 0.198280
n01613177_2003.JPEG 0.709835 0.000627 0.000263 0.000207 0.035878 0.000134 0.045917 0.207137
n01613177_2006.JPEG 0.304728 0.001350 0.001326 0.368171 0.022950 0.000020 0.060066 0.241389
n01613177_2009.JPEG 0.179821 0.001693 0.001542 0.004046 0.028209 0.000106 0.063975 0.720607
n01613177_2011.JPEG 0.615950 0.015758 0.038654 0.000690 0.044275 0.012931 0.120343 0.151399
n01613177_2015.JPEG 0.271883 0.006935 0.000540 0.001067 0.050843 0.003735 0.057789 0.607208
n01613177_2021.JPEG 0.158617 0.000824 0.000018 0.000176 0.007138 0.000174 0.008502 0.824550
n01613177_2026.JPEG 0.521795 0.034465 0.000417 0.017793 0.056325 0.002863 0.117788 0.248554
n01613177_2032.JPEG 0.736346 0.009714 0.095638 0.003046 0.003341 0.000145 0.072760 0.079010
n01613177_2037.JPEG 0.440511 0.004266 0.343289 0.015003 0.005789 0.002914 0.112487 0.075740
n01613177_204.JPEG 0.271312 0.004254 0.002401 0.008060 0.026566 0.000112 0.021944 0.665351
n01613177_2041.JPEG 0.395807 0.000001 0.114668 0.000001 0.022865 0.000000 0.441116 0.025542
n01613177_2048.JPEG 0.178976 0.000354 0.003281 0.000000 0.017330 0.000088 0.033723 0.766248
n01613177_2053.JPEG 0.559736 0.003271 0.000000 0.001415 0.054285 0.001238 0.075770 0.304285
n01613177_2056.JPEG 0.445475 0.000000 0.000000 0.000000 0.192787 0.000000 0.353128 0.008609
n01613177_2058.JPEG 0.191815 0.005273 0.069537 0.002384 0.016908 0.019495 0.164488 0.530099
n01613177_206.JPEG 0.130846 0.000001 0.076249 0.000000 0.030206 0.000004 0.643234 0.119461
n01613177_2064.JPEG 0.924130 0.000048 0.016605 0.000136 0.003478 0.000007 0.028011 0.027585
n01613177_2088.JPEG 0.154815 0.000186 0.000036 0.000132 0.018859 0.000697 0.015502 0.809773
n01613177_2093.JPEG 0.676292 0.000043 0.033008 0.000043 0.044918 0.000069 0.131923 0.113705
n01613177_2112.JPEG 0.399566 0.000194 0.004518 0.000839 0.093029 0.000000 0.236896 0.264958
n01613177_2116.JPEG 0.245575 0.002820 0.000047 0.001235 0.002333 0.000163 0.004924 0.742903
n01613177_2117.JPEG 0.194142 0.000000 0.027959 0.006349 0.010561 0.000000 0.125084 0.635904
n01613177_2120.JPEG 0.575211 0.000087 0.058535 0.000473 0.086136 0.000179 0.179654 0.099726
n01613177_2129.JPEG 0.288867 0.019892 0.000361 0.001784 0.271512 0.000529 0.019256 0.397800
n01613177_2137.JPEG 0.656872 0.000254 0.043270 0.000294 0.082544 0.000236 0.122035 0.094494
n01613177_2139.JPEG 0.649691 0.000366 0.000210 0.000332 0.065786 0.000193 0.066047 0.217373
n01613177_2143.JPEG 0.384680 0.032294 0.000114 0.055741 0.052006 0.000012 0.037808 0.437344
n01613177_2146.JPEG 0.577750 0.000706 0.139451 0.056970 0.046391 0.001036 0.051112 0.126585
n01613177_2153.JPEG 0.771857 0.009821 0.000445 0.003868 0.053321 0.001642 0.034170 0.124877
n01613177_2164.JPEG 0.580857 0.000000 0.047342 0.000000 0.054007 0.000419 0.199713 0.117661
n01613177_2183.JPEG 0.170574 0.000000 0.000001 0.000000 0.243737 0.001318 0.361573 0.222798
n01613177_2185.JPEG 0.734635 0.000234 0.000126 0.000324 0.048014 0.000000 0.059676 0.156990
n01613177_2199.JPEG 0.040080 0.001839 0.000000 0.597747 0.001500 0.000000 0.001501 0.357333
n01613177_2201.JPEG 0.612482 0.062262 0.011171 0.116079 0.045826 0.000013 0.044451 0.107716
n01613177_2202.JPEG 0.285037 0.017210 0.000022 0.002580 0.008199 0.003134 0.013100 0.670718
n01613177_2206.JPEG 0.069826 0.079456 0.000000 0.843016 0.001994 0.000000 0.002610 0.003098
n01613177_2209.JPEG 0.201049 0.000007 0.000000 0.000075 0.201839 0.000000 0.280347 0.316683
n01613177_2216.JPEG 0.098183 0.004904 0.000628 0.177648 0.066756 0.000937 0.093556 0.557390
n01613177_2221.JPEG 0.640076 0.005657 0.063255 0.009961 0.016806 0.000659 0.015976 0.247611
n01613177_2229.JPEG 0.602187 0.000171 0.007547 0.000235 0.051770 0.000139 0.086288 0.251664
n01613177_2235.JPEG 0.727557 0.001060 0.008788 0.008332 0.013491 0.002121 0.018192 0.220459
n01613177_2252.JPEG 0.083149 0.001887 0.000811 0.000465 0.051019 0.008352 0.074069 0.780248
n01613177_2255.JPEG 0.305802 0.000526 0.015520 0.002717 0.034515 0.000301 0.053122 0.587498
n01613177_2257.JPEG 0.118322 0.000515 0.000391 0.044872 0.001497 0.000000 0.000316 0.834086
n01613177_2264.JPEG 0.906479 0.000539 0.001145 0.000272 0.002559 0.000000 0.006128 0.082879
n01613177_2267.JPEG 0.126656 0.001160 0.000059 0.000722 0.007213 0.000515 0.005615 0.858061
n01613177_2269.JPEG 0.647419 0.000000 0.108889 0.000000 0.022654 0.000000 0.152008 0.069030
n01613177_2278.JPEG 0.044945 0.002075 0.000007 0.001445 0.001009 0.000087 0.001041 0.949390
n01613177_2284.JPEG 0.444269 0.120622 0.000367 0.349551 0.009532 0.000170 0.012787 0.062702
n01613177_2290.JPEG 0.719638 0.000001 0.005075 0.000002 0.035970 0.000000 0.120612 0.118702
n01613177_2298.JPEG 0.115255 0.000036 0.000036 0.000048 0.015168 0.000042 0.053485 0.815930
n01613177_230.JPEG 0.193914 0.022782 0.004908 0.709325 0.012747 0.000147 0.029379 0.026798
n01613177_2302.JPEG 0.281518 0.006399 0.003020 0.042463 0.008915 0.000000 0.036520 0.621165
n01613177_2304.JPEG 0.227117 0.000141 0.007041 0.000047 0.012135 0.000028 0.190448 0.563044
n01613177_2311.JPEG 0.554676 0.007546 0.000603 0.005573 0.037457 0.000359 0.030021 0.363764
n01613177_2318.JPEG 0.274668 0.004269 0.002927 0.045239 0.014393 0.000122 0.046339 0.612043
n01613177_2322.JPEG 0.216362 0.032535 0.000265 0.645482 0.004157 0.000088 0.011939 0.089171
n01613177_2327.JPEG 0.274364 0.007151 0.000317 0.004185 0.002108 0.000589 0.001140 0.710146
n01613177_2330.JPEG 0.237849 0.006923 0.000077 0.061149 0.026152 0.000000 0.024844 0.643005
n01613177_2332.JPEG 0.411559 0.001320 0.000620 0.002390 0.179309 0.000480 0.174919 0.229402
n01613177_2337.JPEG 0.349759 0.024097 0.003076 0.020252 0.000046 0.000000 0.001070 0.601699
n01613177_2339.JPEG 0.295637 0.010318 0.001592 0.024070 0.019399 0.000802 0.032485 0.615697
n01613177_2377.JPEG 0.152393 0.003344 0.000128 0.796584 0.008823 0.000198 0.007045 0.031485
n01613177_238.JPEG 0.339835 0.010713 0.078398 0.041013 0.012296 0.000183 0.134762 0.382801
n01613177_2389.JPEG 0.810038 0.001681 0.000361 0.002214 0.020247 0.000265 0.037232 0.127962
n01613177_2396.JPEG 0.386318 0.046850 0.008517 0.031167 0.019096 0.001954 0.032608 0.473490
n01613177_2397.JPEG 0.185661 0.000046 0.000023 0.000080 0.094090 0.000068 0.036625 0.683407
n01613177_2398.JPEG 0.688483 0.000523 0.031013 0.001067 0.048928 0.001499 0.079834 0.148654
n01613177_2399.JPEG 0.601724 0.001127 0.001043 0.007284 0.062000 0.000087 0.151572 0.175162
n01613177_2414.JPEG 0.529508 0.008490 0.002049 0.007466 0.022843 0.000878 0.039542 0.389224
n01613177_2417.JPEG 0.080919 0.003653 0.000000 0.330549 0.006155 0.000087 0.001845 0.576791
n01613177_2425.JPEG 0.082939 0.874854 0.000011 0.015490 0.005787 0.000123 0.007595 0.013203
n01613177_2440.JPEG 0.619004 0.007498 0.052363 0.001752 0.023333 0.002568 0.155304 0.138178
n01613177_2444.JPEG 0.756124 0.002221 0.002509 0.009087 0.022383 0.000056 0.031258 0.176362
n01613177_2449.JPEG 0.719771 0.003667 0.078347 0.010912 0.006531 0.000000 0.025403 0.155369
n01613177_2453.JPEG 0.412670 0.000021 0.044623 0.000017 0.070323 0.000076 0.322599 0.149671
n01613177_2455.JPEG 0.059315 0.001842 0.000066 0.911363 0.010976 0.000016 0.008356 0.008066
n01613177_246.JPEG 0.093674 0.139887 0.000000 0.665270 0.007627 0.005476 0.002738 0.085327
n01613177_2461.JPEG 0.366371 0.000010 0.034093 0.000046 0.056476 0.000139 0.256878 0.285987
n01613177_2463.JPEG 0.216056 0.002414 0.000003 0.001035 0.008177 0.000257 0.011951 0.760107
n01613177_247.JPEG 0.459338 0.006553 0.000619 0.006577 0.018607 0.000877 0.012673 0.494758
n01613177_2472.JPEG 0.554351 0.000086 0.253055 0.000428 0.013419 0.000000 0.082985 0.095675
n01613177_2479.JPEG 0.866901 0.008987 0.012377 0.016906 0.001073 0.000243 0.006177 0.087337
n01613177_2494.JPEG 0.615612 0.003839 0.093080 0.006830 0.012284 0.001734 0.102447 0.164174
n01613177_2498.JPEG 0.726081 0.025750 0.089394 0.052144 0.012365 0.005567 0.007029 0.081669
n01613177_250.JPEG 0.396610 0.000004 0.000014 0.000008 0.445555 0.000162 0.109539 0.048107
n01613177_2504.JPEG 0.179775 0.014074 0.000440 0.502211 0.000278 0.000008 0.000191 0.303024
n01613177_2508.JPEG 0.795342 0.005455 0.004545 0.002762 0.003776 0.000210 0.031117 0.156793
n01613177_2520.JPEG 0.725472 0.005802 0.017259 0.013769 0.030368 0.001348 0.022311 0.183672
n01613177_2523.JPEG 0.164023 0.000000 0.000001 0.000001 0.018621 0.000000 0.041264 0.776090
n01613177_2528.JPEG 0.411362 0.000078 0.021898 0.000000 0.098502 0.001727 0.161137 0.305296
n01613177_2532.JPEG 0.278609 0.000333 0.000001 0.000400 0.059336 0.000067 0.235595 0.425659
n01613177_2536.JPEG 0.595640 0.001945 0.008664 0.003625 0.109898 0.000619 0.069422 0.210187
n01613177_2541.JPEG 0.840432 0.000000 0.024544 0.000000 0.031007 0.000000 0.035185 0.068831
n01613177_2543.JPEG 0.189478 0.000000 0.000063 0.000000 0.013676 0.000000 0.015630 0.781153
n01613177_2545.JPEG 0.242713 0.344734 0.000164 0.343425 0.004665 0.000000 0.005975 0.058324
n01613177_2559.JPEG 0.222529 0.013684 0.000000 0.253618 0.014677 0.000549 0.004082 0.490861
n01613177_256.JPEG 0.149785 0.016799 0.001503 0.071457 0.000532 0.000000 0.001415 0.758509
n01613177_2563.JPEG 0.483040 0.008179 0.021740 0.021290 0.007434 0.000610 0.087304 0.370403
n01613177_2576.JPEG 0.366502 0.598088 0.003168 0.008560 0.003584 0.000229 0.008923 0.010946
n01613177_2578.JPEG 0.743260 0.000010 0.000144 0.000013 0.088174 0.000006 0.040125 0.128268
n01613177_258.JPEG 0.368365 0.000675 0.004323 0.000865 0.124065 0.000219 0.139581 0.361908
n01613177_2583.JPEG 0.354202 0.324068 0.001320 0.195501 0.008457 0.000247 0.009406 0.106800
n01613177_2586.JPEG 0.617264 0.000002 0.000146 0.000293 0.102588 0.000000 0.111760 0.167948
n01613177_2591.JPEG 0.164264 0.000066 0.000066 0.000000 0.008487 0.000000 0.012959 0.814159
n01613177_2601.JPEG 0.121172 0.005912 0.000191 0.741148 0.009599 0.000000 0.043291 0.078686
n01613177_2602.JPEG 0.195785 0.001536 0.000538 0.000573 0.001609 0.000159 0.004015 0.795786
n01613177_2606.JPEG 0.429277 0.000416 0.000000 0.000000 0.060087 0.011901 0.042111 0.456208
n01613177_2608.JPEG 0.426084 0.009441 0.007009 0.006661 0.017820 0.000697 0.038943 0.493345
n01613177_2611.JPEG 0.157153 0.001122 0.000001 0.000241 0.008574 0.000240 0.004250 0.828419
n01613177_2612.JPEG 0.520598 0.003759 0.000350 0.002710 0.015821 0.000087 0.032865 0.423812
n01613177_2614.JPEG 0.069827 0.079456 0.000000 0.843016 0.001994 0.000000 0.002610 0.003096
n01613177_262.JPEG 0.035048 0.954257 0.000021 0.003700 0.000123 0.000011 0.000187 0.006652
n01613177_2620.JPEG 0.675370 0.000072 0.010562 0.000000 0.070011 0.000000 0.149151 0.094833
n01613177_2632.JPEG 0.065944 0.000144 0.000084 0.000048 0.003003 0.000042 0.004373 0.926361
n01613177_2634.JPEG 0.052362 0.031705 0.000038 0.911555 0.000943 0.000008 0.001087 0.002301
n01613177_2641.JPEG 0.647560 0.000302 0.000541 0.000175 0.040262 0.000120 0.059732 0.251307
n01613177_2654.JPEG 0.188978 0.000156 0.000000 0.000625 0.012973 0.000000 0.007821 0.789447
n01613177_2661.JPEG 0.355481 0.000101 0.270955 0.000787 0.017061 0.000013 0.227616 0.127986
n01613177_2683.JPEG 0.414434 0.064803 0.010604 0.432883 0.002410 0.000185 0.006708 0.067974
n01613177_2686.JPEG 0.356607 0.002793 0.000054 0.001078 0.013255 0.000402 0.006805 0.619006
n01613177_269.JPEG 0.314994 0.032482 0.005726 0.040758 0.006924 0.000104 0.020718 0.578295
n01613177_2698.JPEG 0.089744 0.003284 0.004675 0.006400 0.001742 0.000100 0.013225 0.880831
n01613177_2708.JPEG 0.525919 0.003465 0.001688 0.007063 0.009243 0.000535 0.011345 0.440741
n01613177_2711.JPEG 0.278048 0.001747 0.000981 0.000918 0.019493 0.000008 0.044084 0.654720
n01613177_2713.JPEG 0.797024 0.003177 0.000901 0.003225 0.025273 0.000204 0.041958 0.128237
n01613177_2727.JPEG 0.347060 0.000351 0.033019 0.000175 0.008554 0.001479 0.441516 0.167846
n01613177_2732.JPEG 0.038924 0.000000 0.026421 0.000064 0.050192 0.000011 0.815417 0.068971
n01613177_2739.JPEG 0.780135 0.000178 0.000360 0.000889 0.030226 0.000000 0.046537 0.141676
n01613177_2744.JPEG 0.436686 0.000109 0.000379 0.000149 0.042201 0.000138 0.027546 0.492791
n01613177_286.JPEG 0.491420 0.004761 0.003968 0.006031 0.009212 0.000317 0.017462 0.466830
n01613177_289.JPEG 0.208851 0.000002 0.000043 0.000005 0.030254 0.000039 0.033408 0.727397
n01613177_290.JPEG 0.331421 0.002732 0.000631 0.000398 0.001459 0.000117 0.002907 0.660335
n01613177_291.JPEG 0.456705 0.002453 0.001904 0.007599 0.047152 0.000309 0.060359 0.423520
n01613177_3.JPEG 0.200099 0.001177 0.000000 0.000550 0.028416 0.000471 0.018999 0.750288
n01613177_300.JPEG 0.267278 0.000814 0.000012 0.000885 0.010340 0.000065 0.014848 0.705758
n01613177_307.JPEG 0.370891 0.000000 0.001226 0.000000 0.266304 0.000000 0.227178 0.134400
n01613177_31.JPEG 0.895081 0.000479 0.000198 0.000228 0.011642 0.001180 0.009941 0.081252
n01613177_317.JPEG 0.166886 0.000034 0.095220 0.000010 0.031980 0.000711 0.327538 0.377621
n01613177_326.JPEG 0.376077 0.000994 0.000974 0.221687 0.023956 0.000033 0.046856 0.329424
n01613177_330.JPEG 0.158744 0.822440 0.000000 0.016149 0.000375 0.000370 0.000009 0.001913
n01613177_333.JPEG 0.532718 0.000666 0.019312 0.000485 0.086080 0.000507 0.109215 0.251017
n01613177_338.JPEG 0.580725 0.000243 0.001864 0.001457 0.060893 0.000081 0.021869 0.332868
n01613177_36.JPEG 0.315260 0.000245 0.001066 0.000907 0.019969 0.000000 0.038326 0.624226
n01613177_363.JPEG 0.461887 0.000989 0.004685 0.010255 0.026913 0.000625 0.084120 0.410526
n01613177_367.JPEG 0.568257 0.000215 0.170588 0.002903 0.008539 0.000309 0.142659 0.106529
n01613177_369.JPEG 0.501795 0.000000 0.023627 0.000000 0.250962 0.000268 0.162699 0.060648
n01613177_374.JPEG 0.289497 0.000012 0.000000 0.000000 0.071040 0.000006 0.107640 0.531805
n01613177_375.JPEG 0.608340 0.018411 0.011760 0.020357 0.034752 0.003573 0.041974 0.260833
n01613177_382.JPEG 0.248061 0.000673 0.044933 0.033879 0.133918 0.000000 0.042749 0.495787
n01613177_389.JPEG 0.506853 0.004337 0.013669 0.022178 0.020140 0.006464 0.012768 0.413591
n01613177_391.JPEG 0.172766 0.262959 0.000030 0.542991 0.002794 0.000030 0.004344 0.014087
n01613177_397.JPEG 0.405632 0.003695 0.215764 0.007012 0.024823 0.009670 0.090828 0.242575
n01613177_41.JPEG 0.151925 0.000000 0.000022 0.000001 0.016501 0.000001 0.013708 0.817842
n01613177_411.JPEG 0.855948 0.030953 0.000725 0.002342 0.035331 0.000056 0.033658 0.040987
n01613177_420.JPEG 0.549702 0.001497 0.033237 0.001223 0.067712 0.001165 0.107841 0.237623
n01613177_430.JPEG 0.213088 0.000648 0.332962 0.011909 0.036192 0.000119 0.273639 0.131443
n01613177_433.JPEG 0.085905 0.000488 0.004689 0.001208 0.112712 0.000617 0.188621 0.605761
n01613177_434.JPEG 0.685276 0.015543 0.006679 0.108246 0.045994 0.002967 0.025274 0.110021
n01613177_441.JPEG 0.163851 0.002381 0.002009 0.008342 0.005953 0.000945 0.005848 0.810672
n01613177_459.JPEG 0.263928 0.703228 0.000057 0.013417 0.010665 0.000057 0.000631 0.008016
n01613177_4652.JPEG 0.928717 0.002677 0.001760 0.005237 0.010967 0.000042 0.007622 0.042979
n01613177_4655.JPEG 0.185669 0.003041 0.000350 0.657088 0.010629 0.000198 0.013766 0.129258
n01613177_4656.JPEG 0.845875 0.000000 0.000000 0.000018 0.026177 0.000000 0.042743 0.085187
n01613177_466.JPEG 0.206254 0.011195 0.000373 0.024635 0.016587 0.000021 0.012304 0.728631
n01613177_4661.JPEG 0.715166 0.006844 0.002990 0.004953 0.064158 0.000698 0.114101 0.091090
n01613177_4665.JPEG 0.220205 0.000208 0.103477 0.000181 0.020256 0.000373 0.466041 0.189258
n01613177_4671.JPEG 0.507569 0.000924 0.257673 0.004006 0.006508 0.000097 0.100449 0.122774
n01613177_4672.JPEG 0.226353 0.006587 0.000657 0.260367 0.011467 0.000949 0.006603 0.487017
n01613177_4673.JPEG 0.529896 0.026168 0.007988 0.016860 0.088246 0.001357 0.096714 0.232770
n01613177_4674.JPEG 0.263539 0.000228 0.003405 0.000072 0.281146 0.000342 0.379049 0.072217
n01613177_4676.JPEG 0.150230 0.001855 0.000078 0.194716 0.208603 0.000687 0.174827 0.269005
n01613177_468.JPEG 0.168594 0.000000 0.000000 0.000015 0.112122 0.000000 0.133568 0.585701
n01613177_4683.JPEG 0.082059 0.002191 0.000032 0.873607 0.007623 0.000213 0.006256 0.028019
n01613177_4684.JPEG 0.059315 0.001061 0.000036 0.001714 0.005309 0.000091 0.008109 0.924364
n01613177_4691.JPEG 0.532111 0.002651 0.002334 0.002770 0.074895 0.000149 0.078626 0.306463
n01613177_4693.JPEG 0.225964 0.001141 0.002149 0.003701 0.077957 0.000277 0.098715 0.590094
n01613177_4701.JPEG 0.146289 0.000793 0.000048 0.000805 0.014715 0.000096 0.015052 0.822203
n01613177_4703.JPEG 0.178228 0.000826 0.000085 0.000501 0.007994 0.000080 0.007048 0.805237
n01613177_4704.JPEG 0.997528 0.000515 0.000066 0.000018 0.000731 0.000180 0.000341 0.000622
n01613177_4706.JPEG 0.832913 0.011851 0.000331 0.021387 0.006533 0.000325 0.002683 0.123978
n01613177_4708.JPEG 0.198863 0.000372 0.004649 0.003291 0.053549 0.000036 0.412790 0.326449
n01613177_4711.JPEG 0.426937 0.002155 0.001349 0.015205 0.003766 0.000059 0.003357 0.547172
n01613177_4723.JPEG 0.128076 0.000096 0.002987 0.000133 0.014235 0.000149 0.372201 0.482123
n01613177_4726.JPEG 0.318535 0.000086 0.005671 0.000006 0.139043 0.000329 0.410323 0.126008
n01613177_4728.JPEG 0.220705 0.000037 0.233033 0.000011 0.014747 0.000149 0.360870 0.170448
n01613177_4729.JPEG 0.145547 0.005733 0.008087 0.031051 0.080224 0.000661 0.288592 0.440105
n01613177_4735.JPEG 0.330759 0.000063 0.004400 0.000006 0.129063 0.000526 0.392051 0.143133
n01613177_4738.JPEG 0.304535 0.000138 0.005802 0.000006 0.134330 0.000324 0.421489 0.133375
n01613177_4739.JPEG 0.511809 0.043518 0.000278 0.038227 0.005153 0.005287 0.005053 0.390675
n01613177_4741.JPEG 0.676466 0.015252 0.092754 0.050701 0.004323 0.000054 0.059982 0.100469
n01613177_4742.JPEG 0.208137 0.028993 0.000077 0.539791 0.011083 0.000643 0.021775 0.189501
n01613177_4747.JPEG 0.455961 0.056107 0.002064 0.022979 0.011392 0.002917 0.029493 0.419087
n01613177_4748.JPEG 0.388294 0.032016 0.003653 0.158117 0.021899 0.001184 0.014949 0.379888
n01613177_4749.JPEG 0.421626 0.000965 0.129493 0.000540 0.012117 0.000379 0.397230 0.037650
n01613177_4751.JPEG 0.259301 0.000149 0.111873 0.000353 0.021713 0.000165 0.439542 0.166903
n01613177_4752.JPEG 0.694170 0.006960 0.006305 0.028914 0.099505 0.000247 0.120163 0.043736
n01613177_4753.JPEG 0.112459 0.001852 0.000036 0.000343 0.006480 0.000284 0.004586 0.873960
n01613177_4754.JPEG 0.027264 0.003349 0.000075 0.941771 0.003125 0.000005 0.004192 0.020218
n01613177_4755.JPEG 0.252292 0.000088 0.356825 0.000005 0.013007 0.000215 0.245182 0.132386
n01613177_4756.JPEG 0.100289 0.000018 0.000098 0.000000 0.030979 0.000192 0.125034 0.743390
n01613177_4762.JPEG 0.548286 0.000108 0.000108 0.000241 0.038295 0.000048 0.135259 0.277653
n01613177_4764.JPEG 0.214731 0.000000 0.000000 0.000000 0.028627 0.000000 0.687955 0.068688
n01613177_4770.JPEG 0.310627 0.000438 0.048183 0.000479 0.012124 0.000231 0.376392 0.251526
n01613177_4771.JPEG 0.312608 0.002085 0.006582 0.006320 0.063829 0.000016 0.157495 0.451066
n01613177_4773.JPEG 0.319157 0.000701 0.000046 0.001601 0.040866 0.000313 0.021169 0.616147
n01613177_4774.JPEG 0.330677 0.036613 0.003712 0.175338 0.044021 0.001013 0.012965 0.395660
n01613177_4775.JPEG 0.116645 0.001846 0.000026 0.000341 0.006516 0.000402 0.007242 0.866982
n01613177_4778.JPEG 0.299182 0.000174 0.001219 0.000024 0.128444 0.000426 0.430502 0.140028
n01613177_4784.JPEG 0.243889 0.064373 0.000060 0.660471 0.012078 0.000113 0.008221 0.010796
n01613177_4788.JPEG 0.273936 0.002587 0.027029 0.447372 0.062346 0.000149 0.167018 0.019563
n01613177_4789.JPEG 0.293543 0.000252 0.003664 0.000075 0.298263 0.000336 0.331567 0.072300
n01613177_4797.JPEG 0.800809 0.005048 0.034285 0.015957 0.024362 0.004323 0.013572 0.101645
n01613177_4807.JPEG 0.552995 0.011425 0.013000 0.010395 0.018934 0.011719 0.021000 0.360531
n01613177_4808.JPEG 0.293948 0.021946 0.006048 0.011803 0.021863 0.007713 0.025833 0.610846
n01613177_4809.JPEG 0.533361 0.000000 0.014289 0.000000 0.222563 0.000000 0.211328 0.018459
n01613177_481.JPEG 0.053240 0.000000 0.000000 0.000000 0.049671 0.000012 0.183586 0.713491
n01613177_4810.JPEG 0.275788 0.000372 0.003357 0.000048 0.292629 0.000378 0.352816 0.074610
n01613177_4814.JPEG 0.155626 0.000044 0.000730 0.000006 0.205658 0.000451 0.551211 0.086273
n01613177_4817.JPEG 0.141736 0.000084 0.018084 0.002655 0.034127 0.000096 0.679525 0.123693
n01613177_482.JPEG 0.076752 0.002268 0.000063 0.000781 0.006855 0.000151 0.004205 0.908924
n01613177_4823.JPEG 0.346245 0.000108 0.005201 0.000006 0.182696 0.000571 0.370845 0.094329
n01613177_4825.JPEG 0.379439 0.002988 0.003472 0.003252 0.005320 0.000537 0.023488 0.581504
n01613177_4831.JPEG 0.591903 0.000246 0.042823 0.000372 0.043736 0.002757 0.187380 0.130783
n01613177_4832.JPEG 0.344881 0.001905 0.000170 0.004200 0.095555 0.000320 0.096365 0.456603
n01613177_4834.JPEG 0.221062 0.000069 0.102149 0.000176 0.020411 0.000101 0.460275 0.195756
n01613177_4838.JPEG 0.455444 0.014389 0.005099 0.015605 0.018960 0.006475 0.024392 0.459636
n01613177_4839.JPEG 0.192327 0.001419 0.001813 0.002677 0.024912 0.000677 0.046219 0.729956
n01613177_4841.JPEG 0.346488 0.027881 0.015429 0.130858 0.006966 0.002840 0.020834 0.448704
n01613177_4842.JPEG 0.603719 0.001360 0.063080 0.004246 0.014315 0.001350 0.043860 0.268071
n01613177_485.JPEG 0.251181 0.000196 0.003930 0.000074 0.083973 0.000193 0.246511 0.413942
n01613177_4851.JPEG 0.234032 0.000086 0.001492 0.000016 0.199930 0.000412 0.491822 0.072210
n01613177_488.JPEG 0.417940 0.000000 0.000178 0.000000 0.405761 0.000022 0.032986 0.143113
n01613177_49.JPEG 0.066597 0.028090 0.000006 0.776194 0.002759 0.000108 0.002000 0.124246
n01613177_495.JPEG 0.522851 0.000002 0.051151 0.000047 0.099844 0.002039 0.143560 0.180506
n01613177_498.JPEG 0.619495 0.000166 0.010787 0.000449 0.164659 0.000028 0.098310 0.106106
n01613177_499.JPEG 0.481353 0.003028 0.353573 0.003437 0.003777 0.003109 0.110065 0.041658
n01613177_50.JPEG 0.284279 0.012476 0.000238 0.598128 0.011591 0.000170 0.009132 0.083985
n01613177_500.JPEG 0.680072 0.000000 0.000450 0.001488 0.050441 0.000000 0.138499 0.129050
n01613177_502.JPEG 0.681781 0.000000 0.019117 0.000000 0.070342 0.000000 0.144934 0.083825
n01613177_505.JPEG 0.161936 0.000129 0.000258 0.000120 0.010882 0.000085 0.012540 0.814050
n01613177_509.JPEG 0.259055 0.000000 0.007520 0.000000 0.188436 0.000005 0.374313 0.170670
n01613177_51.JPEG 0.661082 0.000000 0.038757 0.001057 0.050840 0.000000 0.145545 0.102719
n01613177_517.JPEG 0.192311 0.000362 0.000667 0.004057 0.009077 0.000097 0.010023 0.783405
n01613177_522.JPEG 0.140560 0.000050 0.000044 0.000017 0.005823 0.000033 0.004410 0.849063
n01613177_525.JPEG 0.152018 0.001290 0.001618 0.373510 0.001031 0.000000 0.002370 0.468163
n01613177_527.JPEG 0.207429 0.002685 0.388466 0.000621 0.007682 0.001447 0.301890 0.089780
n01613177_528.JPEG 0.769696 0.001200 0.000426 0.001733 0.025066 0.000333 0.024152 0.177394
n01613177_535.JPEG 0.675076 0.000114 0.074942 0.000042 0.026378 0.000264 0.127321 0.095862
n01613177_538.JPEG 0.632326 0.000296 0.032400 0.001553 0.017086 0.000148 0.059916 0.256275
n01613177_549.JPEG 0.876022 0.000014 0.015295 0.001078 0.019117 0.000000 0.048607 0.039869
n01613177_556.JPEG 0.448489 0.078841 0.000001 0.425806 0.002437 0.000513 0.002182 0.041731
n01613177_558.JPEG 0.150560 0.002354 0.000196 0.507115 0.005843 0.000028 0.009045 0.324858
n01613177_561.JPEG 0.861488 0.001875 0.004375 0.001823 0.014374 0.000521 0.040726 0.074818
n01613177_57.JPEG 0.514234 0.000826 0.003652 0.003464 0.031633 0.000048 0.045489 0.400653
n01613177_571.JPEG 0.495218 0.002533 0.002533 0.004315 0.006569 0.000094 0.013042 0.475697
n01613177_578.JPEG 0.391371 0.069370 0.006365 0.095793 0.008180 0.001370 0.024360 0.403191
n01613177_584.JPEG 0.118540 0.000000 0.413194 0.000510 0.010136 0.000007 0.391316 0.066296
n01613177_589.JPEG 0.696609 0.000072 0.043215 0.000006 0.033784 0.000589 0.111125 0.114600
n01613177_590.JPEG 0.091706 0.004124 0.000228 0.792442 0.001118 0.000000 0.001350 0.109031
n01613177_596.JPEG 0.623498 0.030716 0.149687 0.060747 0.012084 0.006452 0.009256 0.107560
n01613177_597.JPEG 0.155607 0.000614 0.002939 0.258906 0.000438 0.000000 0.002201 0.579295
n01613177_598.JPEG 0.678931 0.003297 0.132035 0.000387 0.003503 0.000481 0.071907 0.109460
n01613177_6.JPEG 0.352277 0.000422 0.003001 0.001049 0.045735 0.000135 0.066319 0.531063
n01613177_60.JPEG 0.321660 0.000000 0.212892 0.000000 0.017819 0.000000 0.416051 0.031578
n01613177_604.JPEG 0.258181 0.002036 0.000482 0.001610 0.003724 0.000102 0.049167 0.684699
n01613177_607.JPEG 0.135290 0.000235 0.281480 0.000795 0.010464 0.000560 0.296065 0.275111
n01613177_610.JPEG 0.531555 0.000122 0.029032 0.000343 0.174509 0.000089 0.194621 0.069730
n01613177_615.JPEG 0.582835 0.000000 0.064317 0.000000 0.037927 0.000000 0.210633 0.104288
n01613177_631.JPEG 0.354876 0.000485 0.009743 0.000263 0.080251 0.001647 0.264203 0.288532
n01613177_639.JPEG 0.715259 0.000059 0.033745 0.000000 0.034398 0.000000 0.174283 0.042256
n01613177_646.JPEG 0.704002 0.000178 0.010138 0.000355 0.150202 0.000178 0.077173 0.057775
n01613177_653.JPEG 0.726808 0.014555 0.004434 0.085121 0.020172 0.001384 0.019409 0.128116
